100 400
2 15 40
2 68 68
2 56 99
2 54 54
2 67 34
2 72 59
1 65 1
2 25 29
2 56 56
2 33 33
2 63 51
2 70 71
2 11 26
1 35 1
2 77 49
2 97 20
2 4 37
2 35 1
2 76 76
2 32 52
1 68 1
2 95 95
2 83 47
2 68 33
2 29 29
2 76 76
2 80 13
1 34 1
2 21 26
2 67 67
2 2 28
2 40 40
2 47 47
2 84 24
1 51 1
2 66 66
2 1 1
2 24 24
2 7 16
2 9 9
2 11 11
1 30 1
2 33 33
2 86 57
2 72 7
2 70 24
2 76 77
2 95 100
1 63 1
2 57 67
2 58 29
2 39 39
2 89 43
2 46 81
2 27 52
1 11 1
2 25 25
2 50 50
2 18 18
2 1 65
2 67 74
2 72 12
1 99 1
2 4 98
2 64 64
2 83 86
2 25 62
2 43 11
2 12 12
1 40 1
2 86 86
2 60 60
2 97 68
2 76 23
2 35 87
2 97 97
1 79 1
2 60 60
2 35 2
2 18 18
2 65 1
2 86 90
2 70 70
1 53 1
2 86 86
2 41 41
2 82 82
2 84 84
2 48 48
2 40 1
1 12 1
2 82 82
2 69 11
2 76 15
2 5 5
2 72 72
2 59 74
1 42 1
2 63 1
2 85 85
2 52 11
2 45 45
2 30 13
2 1 40
1 83 1
2 64 67
2 86 77
2 33 18
2 63 80
2 15 17
2 54 54
1 2 1
2 38 94
2 89 89
2 6 28
2 22 22
2 79 77
2 60 9
1 2 3
2 99 1
2 95 42
2 53 43
2 4 33
2 67 67
2 21 78
1 71 1
2 88 77
2 33 33
2 95 95
2 89 89
2 99 86
2 29 29
1 22 1
2 60 11
2 91 32
2 1 54
2 2 41
2 79 1
2 68 20
1 79 4
2 78 78
2 19 19
2 2 1
2 17 19
2 4 1
2 68 61
1 30 5
2 73 93
2 4 61
2 76 76
2 39 69
2 39 39
2 77 40
1 59 1
2 51 1
2 27 78
2 56 56
2 25 25
2 71 1
2 36 11
1 13 1
2 95 95
2 68 16
2 47 47
2 97 97
2 6 6
2 28 28
1 60 1
2 37 4
2 25 92
2 4 4
2 3 50
2 92 92
2 68 1
1 51 6
2 44 69
2 14 14
2 43 8
2 2 1
2 96 21
2 4 24
1 61 1
2 56 70
2 19 19
2 6 1
2 69 36
2 34 1
2 7 91
1 61 7
2 22 92
2 75 96
2 82 82
2 39 63
2 65 81
2 5 39
1 9 1
2 33 92
2 53 1
2 84 10
2 59 32
2 6 6
2 77 77
1 77 1
2 99 1
2 10 10
2 13 1
2 50 86
2 36 90
2 65 1
1 37 1
2 1 90
2 12 18
2 26 94
2 55 45
2 64 64
2 63 1
1 68 8
2 17 51
2 12 67
2 68 4
2 55 55
2 99 1
2 29 45
1 85 1
2 81 14
2 75 75
2 23 23
2 8 1
2 34 27
2 34 1
1 69 1
2 45 45
2 38 79
2 76 76
2 7 95
2 43 43
2 44 96
1 13 10
2 32 32
2 17 73
2 10 1
2 58 89
2 73 26
2 84 2
1 46 1
2 22 2
2 77 97
2 27 27
2 40 92
2 32 61
2 18 18
1 55 1
2 41 41
2 58 86
2 88 88
2 13 5
2 11 1
2 56 7
1 3 14
2 90 30
2 1 47
2 4 1
2 48 48
2 66 66
2 88 88
1 18 1
2 100 17
2 83 24
2 75 27
2 58 68
2 53 20
2 69 1
1 63 15
2 7 88
2 88 88
2 53 1
2 21 96
2 18 1
2 24 52
1 76 1
2 9 65
2 40 33
2 71 47
2 51 1
2 32 32
2 54 54
1 33 1
2 29 86
2 48 48
2 45 45
2 61 46
2 96 85
2 5 8
1 85 16
2 55 41
2 52 94
2 93 93
2 80 6
2 45 53
2 14 49
1 43 1
2 88 56
2 18 1
2 47 47
2 28 28
2 5 55
2 30 1
1 23 1
2 2 23
2 42 88
2 19 30
2 92 92
2 2 39
2 71 1
1 49 1
2 67 20
2 30 49
2 23 23
2 69 1
2 19 19
2 70 36
1 82 1
2 49 33
2 76 56
2 99 4
2 24 23
2 4 4
2 33 26
1 40 17
2 69 17
2 37 86
2 34 1
2 52 67
2 59 1
2 51 1
1 5 19
2 31 71
2 4 55
2 52 52
2 24 24
2 66 52
2 95 85
1 3 20
2 95 47
2 95 49
2 98 98
2 27 35
2 7 91
2 17 94
1 21 1
2 92 35
2 1 1
2 77 1
2 23 1
2 10 1
2 41 41
1 39 1
2 7 9
2 82 25
2 2 97
2 37 1
2 75 75
2 98 69
1 60 24
2 20 53
2 28 93
2 40 32
2 39 90
2 28 28
2 63 1
1 66 1
2 4 1
2 21 1
2 25 25
2 5 67
2 11 94
2 41 41
1 21 25
2 8 51
2 72 65
2 33 1
2 81 34
2 74 74
2 84 84
1 36 1
2 88 49
2 84 84
2 64 61
2 33 1
2 24 92
2 92 24
1 24 26
2 47 30
2 6 1
2 12 1
2 84 84
2 49 1
2 98 98
1 71 27
2 46 93
