5000
72083
34770
50448
76733
68071
44356
12800
25882
23411
61847
16071
72060
55263
60945
34424
53020
42724
63542
67935
83270
33043
38718
83427
34388
62968
70173
21833
51799
79193
53222
42211
67634
87991
9024
60726
72427
53373
89884
14667
93149
51730
30731
81567
6986
91668
15990
76371
50757
95891
44305
34026
28933
99388
17452
79686
62355
3984
1511
14153
99535
71098
72729
83534
75455
81753
44259
47874
51491
34136
62534
60998
85865
9630
58931
9216
17663
74913
85579
84778
87169
46242
18796
16101
45629
52614
12152
24343
56590
30029
54854
72490
1126
43942
56023
76573
42060
16641
40813
9909
50776
19712
87265
52999
45707
46195
62208
63362
37474
64152
48139
24642
26760
83307
40743
88747
35913
52887
13089
8868
99281
84302
97723
407
44609
70105
93345
86661
86745
50523
96569
37513
86593
83826
6877
32299
46387
85457
12026
83860
65968
76530
8494
92727
59830
65595
81466
12101
34855
10921
37335
34128
11581
35050
50900
56189
5154
44245
42849
91898
11126
55776
45776
97719
55967
69019
30010
2353
54468
58395
2571
20435
34924
11065
29520
11112
93025
10986
23213
27872
38265
76906
78366
49845
11955
29258
6026
33468
89861
65240
41731
987
21008
3866
15064
93340
72877
45073
12059
43710
3467
14622
80504
54750
42045
10016
65861
35070
37367
5432
79300
75624
82337
74024
41827
94292
3282
47852
44125
9508
29450
85848
26853
66823
6072
41916
60163
78948
3348
72221
39017
23173
3201
19520
77922
45246
29535
43776
96681
83261
49207
92339
75243
31544
66363
17070
42194
86003
64914
2677
95503
10730
88524
38722
77552
94589
80637
37714
89902
83977
26293
28918
7150
45860
48437
85071
91105
94331
45212
4151
77584
94412
12848
69192
42321
95576
86261
880
81571
67541
3556
93440
78270
8438
48527
55821
19392
29156
93535
9294
29499
36193
54577
36648
82052
19373
38077
89522
13703
83282
10031
7652
94059
22879
76843
52745
34813
79463
53624
32750
47003
73538
26189
25265
81975
91081
97444
1367
20236
90978
27019
49734
43530
81595
2747
25574
967
40824
31455
31028
40471
41478
55038
50895
80722
48240
19998
15535
27702
89980
48284
74697
63517
90838
16327
45484
81918
13770
63216
18512
21107
90234
68246
64629
71822
70985
6561
89147
28174
38015
20175
85003
95859
75205
52256
76573
23444
88619
8466
51145
78598
56742
42207
58480
47579
58526
20330
45855
88655
83538
64367
9754
73765
48971
90748
61952
36321
97308
51098
64495
51682
87631
65856
47540
62836
34478
40471
2645
23089
48937
53790
18053
5678
12355
76525
69623
87240
13213
31836
75894
96751
96195
85647
86881
45165
76387
65198
81486
90060
16288
62339
58107
3919
44560
22005
83127
79030
62476
85764
18485
27778
55919
36530
49821
68267
29420
19436
55506
42633
67638
31399
55742
63832
33404
42622
25363
26156
24178
23207
32581
56831
85545
90681
60749
30104
12685
60241
25500
91526
45998
43977
19303
18282
96872
69124
86548
26284
4925
58419
68909
72562
6176
41016
52753
39579
83637
78108
82100
24173
1314
14674
81004
3224
21720
58118
33327
34404
18352
75185
42289
80715
19154
61591
98996
32391
30707
1903
58675
35632
76680
43949
24552
82856
84965
77304
38793
84960
55404
20893
9133
73083
51925
90136
76306
73644
48246
25992
24406
82970
1176
66694
63684
36696
28278
79039
85445
75350
97307
60478
27340
73986
4427
51892
56834
5750
29188
95627
7068
958
32878
32566
90406
84802
39060
66712
58438
3672
9069
82843
86634
26603
65896
66677
79657
94166
62081
65102
85881
59380
25579
13221
33365
46364
65105
6565
52113
10658
2184
75540
11615
35061
24464
2021
36228
63524
85091
94665
67188
94159
93866
70187
37120
59754
36856
16777
70285
15302
81871
72532
74681
7449
85752
24405
53806
50856
47328
22284
77872
65877
14189
89487
937
38653
7866
53530
2169
9322
48194
85722
19839
58418
55901
56958
34538
9123
73727
21188
40783
71963
93719
15457
79412
95829
56227
49583
46684
3554
88225
24556
69430
18773
30401
86732
57418
54632
40261
75952
63953
4813
61666
83784
79596
33925
40741
30492
59406
30834
51680
189
2796
61764
32011
98566
57593
4603
64507
20635
8149
52732
61549
93944
71497
91949
97034
45280
62939
53653
37590
26884
74831
99255
27033
54419
49538
67774
84911
25310
14966
52956
25498
17754
14712
73874
16320
72297
78476
80819
9298
2990
49916
70846
13292
37778
79154
10325
99423
42092
80343
37012
68976
55166
52625
96008
25950
2163
80140
27219
27472
95098
80174
69328
29218
11245
43201
61903
99907
38035
59087
9204
41017
25362
80043
54308
63139
59196
80991
78921
17646
61333
15925
86621
32864
68550
98988
58806
87071
95493
86025
30901
6957
66191
16594
36174
93801
59794
14435
93708
14187
73514
2904
55203
98875
99312
25876
78380
74866
6866
57293
92512
84557
89583
95491
17420
58132
94478
92591
61568
6330
78615
92468
13286
61172
9054
65818
54965
85213
80252
65038
99399
53758
67942
70967
68999
83612
96835
63737
58478
20059
21029
50989
20981
10611
46472
54759
85102
57316
47350
46669
63645
42323
55496
76923
3487
80915
42740
74825
82487
39350
56221
98251
9473
24162
69211
78471
7774
82411
42207
82610
18829
79601
33591
39809
6571
96428
94568
91672
53743
41910
54699
17387
84232
26560
94302
4085
23834
53407
95275
6320
92756
51488
4570
2229
92016
90139
97058
16148
72550
55631
98757
91378
35224
32340
47545
41794
45133
42112
49831
98876
84021
4530
16255
84612
31082
26923
5062
71281
96695
329
77600
5810
51816
98529
24397
60197
5033
21454
76337
77582
77084
91452
85318
28674
40157
32856
70460
85290
91333
36657
84165
91713
41186
16778
76324
88633
43700
81385
59914
56754
98079
53872
62563
66260
52400
86959
26450
73799
8405
19152
51373
1855
10604
53057
46887
50760
2278
33712
36049
9969
70368
20206
1681
27912
36984
78004
16538
97042
75747
92817
53795
73825
63054
16357
40085
31820
19674
82900
5618
44445
2044
73356
46292
12647
42771
9544
79766
45048
43255
15814
55010
13616
52379
73056
41527
89362
67419
74430
2769
43165
83612
56557
33356
46659
89279
89799
94837
25312
72691
447
69756
91100
73802
32413
3747
16566
41956
83512
77979
85203
15684
49354
15184
68062
22403
56711
73782
89821
47506
76544
49351
31111
49466
82706
94128
55103
88863
88964
80414
61553
5776
50169
52653
95936
98940
72758
28867
40895
72635
6839
26098
88311
72558
41281
72732
11326
14350
46513
17512
61856
39415
83229
9332
88880
82293
3452
60349
71156
8781
40755
32708
14549
7290
1726
26850
6229
74483
55717
63483
63476
78921
89580
68146
51478
47219
40877
79163
77935
87382
13040
39783
26797
96261
65480
32035
78554
85297
8742
49709
10436
49497
98782
41350
73152
501
68199
95739
91342
23915
59221
71177
2835
65159
39322
70672
28744
80198
49834
6671
67579
79232
62819
10734
75493
28291
59135
70412
29953
67876
36479
40388
33738
35253
81737
23248
52119
49928
18987
59820
73843
94573
30996
93036
59725
70317
63700
4834
50507
29892
11504
34444
9124
90688
61544
982
35344
20678
71386
65289
88546
24223
22035
22284
59475
3764
45531
27953
70057
80876
87772
60258
75449
18760
53294
51539
5435
16993
72731
55941
63251
84234
6750
72367
91280
68293
89714
26616
88963
77458
8270
93875
1680
30297
32517
77513
50426
94406
5465
20475
75282
93229
80733
67096
28354
34026
34993
33788
67377
7723
89721
30627
8315
12837
19359
99594
81122
25431
42568
86451
2881
50837
80318
20919
97492
12834
98432
47917
7239
3896
68391
98886
97125
65489
65974
41837
15873
966
75625
83250
8681
81711
30235
33361
94547
65960
32954
75662
91383
75521
78478
10630
26350
58795
31548
23841
87987
29979
88116
11591
33868
56507
10470
47351
38354
92809
89187
54227
10134
64811
37476
35180
62881
84076
68541
57420
50028
1487
49447
57777
77008
27924
68399
19716
3077
99939
59916
7429
46284
48031
19013
96510
20903
45848
43860
59257
38649
49412
13483
48782
30582
67317
83962
93462
51392
52502
50874
1420
70354
16687
59189
63720
60976
43953
83436
64046
60257
59717
87840
6540
7740
6852
19408
45009
69058
63267
4258
7707
29038
34099
72854
59619
1415
73174
53073
52806
25668
20312
70584
12388
53364
46138
76100
14333
90090
75894
94744
66713
35610
82583
73245
59716
5794
9019
21083
74851
72285
25340
98923
17681
59431
71770
77299
77211
44943
46730
30009
86977
83401
593
15723
36764
46730
91822
67455
53186
84082
62198
19898
19684
61147
9508
95765
66940
18526
16840
58156
7170
58545
57072
24850
34341
45207
2142
11551
90149
48871
57926
93491
32264
58518
9213
85394
21613
17394
52848
74791
1475
15046
94688
37524
92551
4189
33282
75849
39080
66494
34004
46249
41398
91068
71099
92104
52640
89599
20014
42789
38469
77932
52638
87099
52815
61844
88851
74420
79237
41691
65577
80704
73095
76623
34593
65645
97177
84240
41493
36257
50727
91856
82498
8490
99289
53589
16952
51929
59553
36965
94710
98022
14889
63713
1479
84069
41915
6688
74848
21151
48378
40417
18220
37839
17032
52813
3483
30575
37052
61335
66831
4144
53190
49321
28992
52478
19276
45944
4399
78828
82901
15474
93215
14163
95553
11052
14590
37467
17739
89430
74977
82483
46212
93189
20314
79610
62367
40162
10184
15778
17855
77007
36280
71044
42693
81638
39881
78334
27581
60645
73528
26847
92485
83101
57368
4396
10519
71958
41862
28257
77753
16831
27098
23958
26386
47411
19926
5118
3932
30109
37254
21786
23474
73534
9189
66166
55171
49069
60866
99117
26072
50752
25963
34922
33852
99697
39317
44370
88013
81172
88986
65758
14368
16083
6081
40753
79860
26006
45864
83791
56107
83117
5569
79580
73016
14757
62105
44552
80191
39329
43661
6256
90080
85990
57543
23931
85679
96853
84667
73691
94390
73645
55807
8750
6093
61881
65869
85952
4252
28098
86101
76718
27580
91670
72656
596
22792
34760
45147
2976
74088
5174
25597
80526
91156
83132
4457
93200
96350
5482
83249
90739
95492
39055
15855
1584
17301
81716
3895
37912
9813
6354
14629
37392
98023
87284
54353
37174
22037
15859
40149
12490
21025
82104
93016
28546
81601
13831
21738
94317
19312
21345
1414
31162
60399
17268
32745
94059
98976
52998
31970
25154
59352
62957
78912
73733
50240
33257
10906
88642
49115
67413
17491
86505
65882
26865
15043
47483
40695
53146
41799
76365
74483
43205
7526
51248
76839
56629
61665
92180
25993
93634
17334
85344
72949
12604
75442
23181
45860
2707
11816
11334
70119
45672
97838
36001
72536
29240
99842
13223
98744
58006
5953
73227
17576
29844
24474
94407
86472
86131
2946
28823
96130
36638
14159
69071
49241
5967
8624
95100
8673
36805
22799
78784
82469
36996
31150
55004
66235
47357
84592
64978
5355
6910
54570
22931
36746
95402
33696
39577
97898
36641
68399
10386
73271
98924
95822
38877
4890
4439
33970
29921
41243
73134
25070
40071
10122
56213
11440
92722
19935
12391
74059
25290
19293
28621
64579
72405
24023
14640
11981
38279
67640
96745
48665
57276
95661
44486
96153
16916
48924
46488
63195
6526
19614
88265
62962
46102
60843
74394
38823
80777
86784
12874
22425
22436
57861
87003
94840
98242
1643
23179
36520
85641
36282
85177
42916
48309
29656
39061
81583
94945
85548
44778
17829
21528
33042
80783
67629
93877
71543
6444
74653
74685
35677
97078
13486
93537
439
8318
8137
18447
47862
44649
4080
84137
46192
46996
48811
92213
2422
30393
87150
4329
75170
21345
25849
8204
18493
9836
18446
6401
16279
9458
81086
68314
6535
94571
78216
23339
19255
86345
41779
83482
47360
62224
83984
93551
25578
32787
85763
27993
63180
89278
32321
38342
10622
74535
62912
45481
84370
81357
51874
17007
90814
49325
85321
13707
43896
79895
53405
79516
66240
95176
62990
13599
73765
46967
23508
99343
96126
9263
27335
75664
98540
76014
30372
25521
50548
93283
87360
51276
90998
39233
68282
98178
88558
53602
28243
48812
49856
81647
44686
16095
93188
7675
46052
66946
71007
69559
82647
67126
95187
26340
59155
10085
2353
89526
35598
69266
82808
39323
20541
90172
78556
88815
88342
83472
58776
32943
48649
8631
14583
93334
41091
24129
17367
3501
91074
88374
73052
73713
71865
84604
52
31019
94681
18770
20545
46645
4394
19711
85967
24927
26241
80881
30108
30941
80718
88883
63884
29359
13879
78459
39051
54962
18953
56418
58455
10027
44791
47879
105
33021
48841
16523
80398
43521
51658
17301
6531
56052
37012
92491
80978
79611
89737
27444
10552
70455
16326
74428
16179
46563
69259
55223
1524
88204
11640
76344
14596
72796
40581
31060
5809
5780
47582
86206
49301
15598
3507
72190
71642
56877
81046
68979
36487
70783
96422
47038
57603
29114
37831
73774
75669
7082
45362
93559
11652
57001
86261
26240
46155
43201
57299
51956
48980
21239
54528
98273
53196
74393
86829
24837
47628
67874
10181
480
38656
22962
63877
12617
52075
1700
86384
27736
25141
48111
37660
36792
21471
23914
79390
67625
67114
53055
35947
16093
90652
6833
30732
43847
81225
17553
68684
45218
1792
95223
45690
56807
18184
9566
69423
70251
27625
72172
14353
52765
20276
68371
5922
41746
92284
1677
9370
75763
54724
61675
8215
45376
68507
55305
89222
66090
89223
74264
11300
91014
69487
73356
47820
4029
99280
17236
74280
26904
89407
4998
96034
26048
73361
18321
67793
82011
19991
93522
57766
91080
55196
65980
36448
40062
37643
42036
6151
26865
32665
17451
17879
18510
7165
65691
22539
6444
99292
13177
33348
88699
18167
45740
14739
7893
64061
98898
89903
410
8785
47662
91489
63973
30007
44303
20400
67650
2704
26551
10873
35361
60360
28751
70230
67524
10801
92768
73967
10092
5937
23673
98790
40469
69413
29895
48354
49832
45151
38257
66607
53935
2284
58095
34273
48649
18756
54673
32657
21452
81216
43530
73179
41575
88639
43408
25464
99439
52534
99423
9531
58470
23096
8313
15297
8867
54573
63650
75064
16089
18265
41670
86382
36914
16123
20655
1922
34879
91686
34578
72696
89267
94473
62233
47214
83112
22006
72670
82550
74532
88458
92080
49360
11553
16759
64656
36778
87690
44665
11841
3772
79295
69869
90153
16202
85985
27173
18123
37229
18858
69066
26283
24490
63532
88516
71696
46643
26880
60731
45551
1412
49189
37624
67137
77100
70741
31793
13878
58430
92823
42084
62201
72110
11946
68720
4677
14296
95885
22799
51517
31102
91858
77799
71950
71762
82673
43646
34763
9553
20735
80313
27330
69916
17936
94466
47016
88669
42617
77259
63465
35432
19335
42024
23908
47639
10736
28584
61934
22987
67742
29816
70447
75965
23974
42396
47719
6646
2400
82481
32564
23135
79152
59893
93050
13447
54352
56431
18481
96968
33682
81945
48766
69376
23969
72666
33380
34704
1249
95314
74049
85349
41488
44495
61313
65461
86891
9031
72107
89290
7870
4663
12417
87022
80922
21833
468
35273
78256
18948
48606
28304
17252
97364
14038
41220
86395
47417
92282
87644
42730
66331
72992
84211
10818
50664
66037
97708
59694
54502
3357
83930
59165
15773
87310
56452
53964
87777
91724
32220
23083
56688
76882
40334
54052
90919
81546
40446
38335
90194
44448
97424
56517
33806
98000
83700
84462
64036
81401
60521
18538
1123
44443
94068
16888
31752
50519
87218
35894
58601
19437
58970
15288
96311
15669
69339
3595
13581
26144
41922
3774
86957
39345
76656
20762
37344
60355
5216
17739
58121
82103
36269
59236
26545
30336
92490
74656
97213
79707
10549
55813
15509
85884
71093
28185
17912
56791
31772
47858
99300
90059
51631
86256
29404
44645
7018
83106
4999
28599
844
63113
10694
53478
38714
53598
172
31203
44619
97384
27275
71526
53189
42776
57403
40641
87319
91680
13797
19090
39537
13096
9149
7533
99351
54911
52170
6361
54382
73527
34953
55219
36639
62012
25062
91712
31975
25227
22907
76593
22610
66548
48112
92158
25682
21880
49164
13001
13559
62960
32090
69461
76055
57597
93352
75398
28873
45521
98125
83255
19047
49443
54839
72045
11454
79893
63756
59788
21485
3028
36373
44088
85934
850
52611
11616
22729
18133
24616
52653
81092
73064
38479
57139
30661
31830
48902
75892
77350
47019
59146
12756
96461
13977
1166
24281
10236
64921
84061
31720
84314
36799
92173
70248
37649
44776
81856
60377
62908
22830
29396
60365
95893
67867
33862
42912
99697
82757
18804
93405
46141
77942
22526
42602
8285
23691
66875
18513
4970
67308
50232
89277
4099
58764
59517
41747
19905
57738
18490
99179
80567
47878
59536
76452
32110
93398
35730
31806
92520
54526
41577
38660
48833
64095
81261
57110
87779
64501
91988
9114
48167
58579
98390
52266
17342
74272
10378
37246
48375
28860
36417
28941
93103
95953
21759
25213
5716
73847
73377
98235
28372
14946
53253
77204
95407
50873
50680
99551
15373
42667
8664
79899
1238
7054
32164
18579
97691
58900
72184
46059
87760
8600
91365
80862
20918
29482
22433
42999
3328
95810
57592
31699
10755
10845
25262
22520
61717
92300
22070
93448
34959
30727
73346
36197
54139
5509
71141
51829
64409
43324
14246
68527
68290
5604
65754
89200
51451
88180
48565
54772
348
6156
2836
11095
16993
44456
49981
95068
36755
72050
88516
71714
19135
61861
24276
73273
83729
11782
41468
64496
71465
55706
33022
39747
77682
15134
45312
45492
3313
93876
263
3660
16391
19457
31121
33383
63913
81101
28451
667
69509
16959
88739
88644
95185
13014
61909
78906
41155
19742
43401
12619
91814
92788
52365
85854
7915
14042
31345
27593
7911
47966
47612
24301
67423
78725
74049
31335
76191
18858
31994
62058
52189
20733
50694
47367
50105
28969
42638
91259
65069
2398
3877
56882
95178
72600
42729
19458
86635
90432
47044
10918
38398
94655
51584
5820
89745
41991
37147
82294
77215
85506
44351
29396
22597
11411
93128
72702
56738
35759
80326
21806
38156
84196
78681
49699
73161
37775
69157
76161
28206
16200
3437
66596
27220
71386
72415
33323
29736
25927
15616
6950
11426
76325
36345
34022
87735
29473
23089
44472
81597
3415
66271
36111
3976
61324
85809
77129
99091
54958
69656
27289
87523
89458
10251
14735
60837
99031
48057
90572
24951
80031
97521
52735
72722
50231
3122
60456
96062
26211
21287
77658
29618
3923
13768
49952
81605
99570
43446
80695
70893
13101
24349
58409
2559
50965
89509
79761
49989
53925
86691
91305
33955
84211
44039
6676
50800
63519
83491
46862
89722
21143
24519
35705
25058
38280
85656
23028
54208
29102
3722
25100
58561
44429
99874
61119
95394
89376
57238
61741
43300
43928
53045
93620
44497
13442
296
95297
76960
152
42158
83048
21287
66669
18745
62710
21307
4394
85737
91880
49861
5817
16973
8421
66611
33212
85899
78363
22587
43129
40103
82252
3416
9506
75865
47912
39313
92526
43208
32632
92670
85358
15679
30322
68393
50782
93031
89699
71541
95133
81579
21401
949
14917
29815
67559
64487
15706
45915
87067
75200
2383
85684
78615
28255
77907
26527
67567
70432
86093
198
79460
71451
15869
9781
56202
66644
2811
45900
54550
97943
43837
75951
15250
75112
22124
99168
39599
54195
61448
43031
29394
80196
45073
24375
8450
22980
50894
76010
93404
53352
76200
72864
24802
8435
82644
80996
91444
1821
43262
45993
16122
3457
38302
31365
94935
60425
46898
50892
14619
8345
93922
60372
4906
55353
84746
13356
78332
52005
89365
71729
5356
81930
60958
46517
6723
59967
43878
14525
61780
87132
76877
94261
6955
15178
25625
1889
91962
88895
52773
6573
13605
63060
66944
18503
18405
68048
31858
13103
20052
37581
1197
25408
35877
62154
71917
58958
38479
15794
73483
259
19292
66725
94519
42612
98261
36509
60859
90222
41762
29997
13154
55359
93049
80097
90227
27819
48145
22078
57287
68189
76024
58483
9962
11900
36995
98237
70851
75474
14031
60699
92091
49681
27416
86609
92292
42042
39476
53150
32264
81237
99505
45417
52961
8919
41872
43180
36737
6375
81623
10390
90930
74013
68865
891
2271
5860
99121
89487
97692
29517
50185
89782
79197
93966
92749
87847
36008
32224
57355
84630
29826
56859
30039
82779
65777
71910
42317
18879
78285
40306
29268
69207
14318
14499
86463
16588
36717
85583
6075
34408
31458
56252
24189
27013
66584
16937
14859
18957
49153
88579
3579
95344
45437
49983
94481
27572
38251
36797
62817
32894
77095
92084
2100
7778
22941
4929
24366
59657
6870
30433
94064
38321
3050
18245
65333
85999
51540
96558
4948
17058
85129
24892
12401
46925
74867
6874
90862
13118
60030
53678
46011
53490
45762
64477
61268
68702
85764
1992
28352
92633
32424
38781
30946
51839
73385
12645
37831
24924
9195
59137
41982
10689
84029
54375
73979
75261
77615
64841
4737
37644
18518
50748
7499
80638
31583
85125
49340
17346
87116
94057
26337
35898
49196
73649
87730
22580
86293
41926
47504
11853
1062
89485
38907
1449
43859
12886
76703
37832
77719
97805
91834
96236
48545
99333
76874
96493
84450
42572
30204
71566
52987
56541
7463
2182
30189
11558
24762
32840
53476
88624
44692
70904
78108
83591
72352
38325
12842
65420
76150
90560
63225
67983
3155
28135
67308
96394
40994
68124
55324
71190
56055
8310
27730
79876
26857
74277
91434
67977
7116
44909
56600
68166
15812
34700
68123
4523
73025
80964
86308
65540
87883
65891
33522
91030
10385
17196
3789
51378
1685
59105
22567
57732
83780
66656
37607
10636
57291
29040
78613
64407
90308
35212
32565
22485
69912
687
43366
59295
98010
29667
41193
85892
95557
74714
93287
5941
8268
97068
73677
9952
72538
96237
84049
56317
79258
21649
66945
36548
67054
45557
17313
73727
97128
49878
96205
83398
66930
39570
42692
64939
85602
83884
50823
81152
74956
60468
3458
99590
57535
77135
25900
46431
89737
9942
2747
85353
47956
69692
38266
31375
31607
55579
5095
28734
21815
17665
12131
88744
57234
71181
53676
59195
71430
20857
40346
62745
81325
60169
62334
55225
53662
88226
1656
59757
14533
4395
61475
62488
90445
99734
10222
38418
55305
15316
67151
93485
32980
95641
82228
6572
83187
52262
65766
54610
73119
22477
17354
70809
99012
79680
26026
69032
84278
44040
28789
98804
48435
90256
77657
55245
6362
87871
93662
78032
19552
77172
71516
68890
72812
53737
75462
72357
22357
57593
26966
95475
96429
60685
82642
95433
56730
8668
64464
41001
69066
9618
56170
17493
16240
33819
89104
22594
38056
82758
16985
57607
59929
88493
26497
49099
58588
18317
21456
80945
75902
64787
92785
72330
25465
75427
84128
82187
453
48585
39553
69518
74568
95715
3377
90800
45900
92480
29753
83955
91596
63096
57920
67884
51588
84409
16982
26542
2725
54796
7486
94993
19576
263
67322
61406
92055
67809
59958
92507
32759
15877
62018
7319
27957
65394
14485
90215
57866
60596
74169
65827
23691
48448
33710
75278
32856
50692
18178
51947
21853
25663
46932
57794
42292
30612
19192
50705
98420
95516
43212
31178
27751
5229
54856
55707
86981
69340
45922
61212
46294
36449
27038
69984
84896
60748
61620
34111
27805
79798
86050
49650
21819
49347
23803
64110
79958
59360
14815
94744
54875
74385
42280
82625
95972
97135
54691
82952
82833
605
60529
29126
37053
87566
15468
38308
64679
77088
72418
92476
56878
58467
58485
78696
24172
82287
59172
4129
41646
90345
15231
12887
64722
57504
11870
60693
71004
66560
60010
70196
67164
20531
15680
20583
24462
31148
58883
89134
8228
47659
97968
81471
6125
72818
60166
30296
55104
19330
50783
13116
26040
66014
25995
90761
39883
37864
67819
10879
4424
27821
81074
87953
64717
96754
8528
89172
44260
83769
94664
52487
31427
8997
33957
53917
81815
10488
571
53277
46184
51354
66385
72223
33726
8745
79343
73608
62968
47154
845
83750
91341
98285
71695
56050
11397
96589
61580
55656
80357
72609
8142
28150
81606
58457
82059
63413
68944
98989
16682
15127
50335
99433
3709
426
24536
83051
90399
87503
30197
7602
71252
37903
5886
42947
10312
17275
55894
71891
89289
52609
44500
13789
80751
42464
72245
79176
22235
57555
78157
55282
89040
44864
54714
92741
45282
79250
75791
52046
66745
22354
59647
54363
76615
65526
13668
86926
99159
69561
58810
88448
22169
19675
2236
2913
78497
90847
98454
731
48401
76610
56012
37433
37832
10726
46540
99479
6334
22330
51517
89451
61042
11163
43806
37650
93047
57473
40941
8572
43392
16116
97019
65561
35783
15620
84839
30645
6466
83285
31375
54859
76253
87387
8658
14084
14471
55197
13562
20804
93885
81444
10247
71286
8965
70419
25301
2005
44257
66241
26942
87649
82350
23960
53202
34498
55938
54399
65143
62397
54042
96517
33621
30294
83903
42271
60743
98373
13826
90663
35542
7711
72099
62155
78996
97422
48932
4289
15792
93188
70529
42733
80829
69244
66685
50389
3742
38989
21146
85250
1385
75187
81766
51364
5480
82028
93635
82581
96759
7453
73243
48660
31529
61700
10807
10517
59122
59738
31171
74913
69284
18059
17646
50106
87302
696
16860
7402
39677
38006
92651
57427
29551
90776
8791
35031
72803
18784
33970
85920
42602
7206
34579
74124
68905
61751
1006
28026
21488
32170
19298
90772
50228
36943
57243
37529
37631
90461
44931
93674
44832
53940
51100
74376
44715
59883
25772
33876
95025
59741
19796
37627
66939
70733
11750
52210
32484
29114
96601
70330
61283
15898
77467
27876
52833
51068
81764
6830
41529
43053
496
2719
96992
51595
77094
41700
27837
19224
91934
22861
78958
11722
60487
62269
98821
88595
14471
47670
17709
27438
34358
95350
43328
11818
39585
12520
62885
21348
19349
20779
64393
36210
23498
61377
4163
584
19442
31999
19808
11376
71226
15131
39463
48071
77399
54649
36659
8236
2311
70733
52032
36662
82441
11718
64845
22025
24237
44095
43365
59951
64874
24123
96153
88364
1873
16675
5313
37673
48673
41486
65407
36257
72982
4870
84321
66740
75877
37345
91334
94547
24443
43365
47574
6876
55082
12418
45267
79319
56512
4997
55628
37744
45486
68140
42466
47358
84814
47779
85023
33479
5623
50430
86102
94964
71658
70422
61703
47534
24132
53036
58439
48567
96393
6012
71808
51474
18429
33440
47151
91300
38430
2779
29036
83915
70911
87868
47638
72090
35646
32653
5568
57627
99448
8035
52590
87471
78449
14292
51364
18946
83686
9802
83871
80078
15814
55672
47918
50601
5477
11427
41893
60272
14198
87295
60552
1474
75162
8182
73563
27173
57201
95504
1158
73014
19897
70114
60485
14712
764
11848
33657
84450
21642
17521
64527
37455
89558
28803
4415
95027
40230
62673
71665
70793
66333
32209
88633
41494
56757
78561
85032
13957
74057
2556
3329
10320
72662
63806
25031
73425
75646
58680
57874
13661
92566
38767
67474
82123
67569
71888
93516
7791
34561
81539
78584
886
13747
67216
58753
70503
45776
60143
818
36199
62691
4147
46518
51718
84318
71548
25136
76330
46593
99375
89983
39152
54500
57449
37640
22069
45703
47514
46218
80256
29052
24801
97507
42799
8375
56252
29660
70517
32754
46844
23074
95444
67349
85950
63521
51666
57497
5022
27988
20448
4396
34336
59592
58896
8151
13598
97323
53846
61111
43540
50460
90156
84700
47966
49320
93074
20577
78979
79949
53330
42181
3022
65139
9529
88971
28652
61188
62826
33673
5541
83267
54435
39870
59231
29689
64379
72821
27011
18224
50291
70543
85049
40446
55242
49373
89765
64682
69949
85102
44630
39644
27283
47645
4776
36811
36615
49793
14364
99441
83466
19898
99073
54259
76133
58296
83947
40504
47476
10950
75093
97766
97858
60134
54577
69459
9506
44334
34140
95821
45801
78762
35457
89449
42772
56598
42619
79380
6384
56975
95186
6208
93238
10617
60466
69363
85271
60771
26232
32746
71713
1317
46877
85936
77816
1453
55387
87315
62152
5885
99501
7953
84647
51316
13760
43777
7914
56378
39522
30656
13353
34707
36863
22949
61682
13694
92312
46953
74457
34902
79698
62535
36219
26575
48463
14034
44386
20216
17714
6538
26100
33573
30849
27112
84889
44608
70889
92795
979
10410
23450
30697
61476
76678
53645
23157
90364
62315
70109
81186
97217
66166
43720
49794
92740
8548
63827
37125
45129
97900
60021
87588
47831
90862
14699
32719
51829
85580
41872
52807
12349
65314
99862
73817
58357
53499
96973
65079
15814
83441
46257
29389
49606
6342
79182
42338
31249
59367
95828
76370
57266
72208
63957
5097
63062
95015
54174
31256
80594
96046
84062
9301
77725
282
83117
36075
53781
96456
1146
85953
79889
63769
15341
29494
70110
94515
88197
17717
70247
383
94087
27506
72583
74402
48968
52018
69416
19500
83266
66369
15538
83694
75669
93256
83975
75152
45696
54114
71600
63207
56432
67854
43341
71772
97340
29810
82652
1902
47526
52899
18650
57971
96770
7599
32373
62096
75975
18154
81595
75606
84522
13492
75658
76557
23120
59626
51708
85174
30112
23307
48380
86537
7519
91714
74674
4858
21523
57326
23125
85414
26583
58133
43385
39711
65724
75757
18172
41698
93903
16125
33663
94791
29616
9320
71347
52728
85311
39413
54267
15416
79078
2647
18318
86596
10726
92991
7819
48614
66675
30943
34020
9616
5434
93770
49326
71158
85885
67497
29214
96154
83622
62876
90944
29603
72189
78649
98697
73865
18061
52963
89280
97131
71968
23956
92
82693
16940
7910
47665
83614
55211
98051
93230
60644
91820
58921
48160
77705
26411
77374
73858
26398
56615
81167
55993
45169
59808
71055
19027
94234
24018
24672
7730
95985
48621
7814
95037
81926
32089
42701
65539
87292
57117
75127
47928
48937
34048
12454
43000
76824
89827
33223
19580
46441
14382
91938
7969
90555
62993
26995
1154
87003
68025
25242
99353
16645
33055
94389
98570
81509
53449
80475
68793
10565
55594
33086
75860
6007
45539
18859
99189
51731
52081
35134
14538
82828
27072
22499
73375
6430
65859
90894
9798
33883
16135
9143
50528
65555
19891
65463
47056
73339
45930
32214
83903
17890
81666
59763
40255
43570
78621
55810
95301
47061
90936
26204
46247
34373
48702
19622
40795
14553
26881
66951
64801
43009
76094
15328
8563
95984
97150
71978
69322
43079
20557
69583
77327
2222
29338
33948
62158
24325
89757
73824
87744
80692
27
33990
31424
65087
53611
72218
96005
96858
39169
60805
39866
31621
92492
64787
43970
89634
53130
29650
49078
73687
99232
26405
75908
28570
60352
38065
69253
66467
11888
56996
63517
28273
90985
94940
93352
60962
83517
89356
57819
22685
66520
14043
70671
59011
78829
14633
48637
31959
44282
14080
5645
59872
56843
97911
88441
33553
52342
57693
19
80588
14681
63536
8861
22032
58468
2212
82993
41984
7927
40804
81034
74446
54846
51697
49815
50040
82688
14817
81998
43335
28889
4001
3207
85732
1912
8006
19277
70619
65692
35662
51206
96738
99190
60059
35135
74023
78630
18127
16007
2922
58930
13399
93726
30141
65089
43533
80181
64142
58349
78537
7477
3596
82538
27042
5693
815
35047
41336
71433
17104
76990
38997
30208
92545
15415
65342
66567
94044
83462
98932
13324
58750
12331
7042
88891
93785
66940
85430
57926
25281
63966
81761
45242
46503
8802
50935
63683
60208
8629
51474
77304
85618
90471
7511
94521
5885
89212
61087
16287
72666
60019
29610
47788
72342
36651
53037
66126
3583
38466
40417
45229
2425
22178
6836
65293
47338
74136
28969
7545
82757
80442
1215
84740
87271
8718
79260
93148
14295
40340
9434
3326
16717
55402
51107
89058
8411
4143
71549
11993
58968
11958
73587
61392
50501
96796
43043
97839
70924
72011
21749
70047
68819
22956
54779
56082
48040
34032
49230
62334
90737
75029
65660
7453
30431
33132
12876
38841
53633
84417
67200
12600
12740
57152
90350
63241
70306
33393
77438
57589
5396
99179
27628
90580
38501
98772
46662
86540
49169
12257
65239
39905
3644
47257
63716
50440
80381
76584
5640
34014
77366
89198
