201 5
347
331
92
96
60
227
322
126
242
63
221
17
245
78
260
129
9
65
73
127
28
133
148
239
213
34
19
85
317
297
268
253
255
219
87
143
326
56
356
120
44
313
250
220
151
327
277
351
141
122
157
339
310
217
248
251
244
346
110
137
290
362
38
118
0
274
334
340
103
358
75
49
319
363
215
2
22
336
146
53
68
40
57
264
140
48
77
101
343
80
234
71
342
270
352
282
266
257
263
349
296
46
341
58
90
51
138
301
299
280
256
337
43
130
303
94
345
11
306
150
42
292
128
314
279
114
35
81
304
365
209
112
15
144
82
37
312
360
139
272
223
5
23
329
153
233
284
320
211
88
229
109
116
286
308
249
69
293
367
252
235
29
332
324
24
121
132
259
32
294
226
354
124
4
31
155
62
55
83
99
7
107
98
241
231
261
145
105
6
315
13
135
224
67
246
276
325
21
237
288
26
