1000 1
1703
791
543
1129
1867
871
1651
1611
907
689
1849
1005
81
561
419
1239
1993
449
1743
1007
229
1217
667
257
1167
1421
1457
1749
1411
527
1371
1213
923
801
787
951
1483
27
717
297
1679
279
723
687
391
287
1833
87
111
1407
1011
1675
849
163
1535
89
277
73
281
1831
551
381
431
601
701
1765
441
1687
1043
1155
1251
1803
479
63
399
1125
1619
263
989
1851
661
719
1123
443
1807
191
935
1347
595
1639
1309
1449
1783
519
727
539
851
841
1283
627
1059
1741
1967
1119
159
947
171
1243
915
1229
489
151
759
1219
1847
187
129
377
613
979
1321
1319
1759
307
1253
1527
625
1045
1437
1843
1233
1819
1669
59
1055
579
911
1063
885
1655
853
1099
679
1435
1067
749
1211
1215
1301
1379
929
599
1141
743
1075
335
1555
1663
1657
1827
1425
1869
1431
1737
729
501
1085
127
1785
1441
1397
1485
235
1577
945
85
793
1331
53
1095
835
1963
1595
1521
1127
403
983
523
1853
327
1845
1277
365
771
559
1975
1519
407
373
11
1081
735
549
255
1445
1533
177
325
1897
971
1023
1683
107
1387
633
585
1065
1051
1715
1623
375
1705
247
1105
1797
1633
695
19
1509
1427
285
481
447
227
1825
1415
1455
703
1383
9
1359
115
651
1463
883
17
1735
275
1273
1429
1811
977
1267
1871
1
219
183
831
1493
1953
1121
1777
811
1751
1223
301
209
1557
123
921
1017
1681
1565
755
617
1205
903
465
459
1259
1183
1973
1013
999
497
207
537
967
1073
1295
1339
955
565
893
813
41
1893
1603
1131
505
369
1907
1269
829
555
1137
503
975
1037
303
1231
15
513
1579
615
1835
1923
889
867
779
1645
1285
393
175
1781
1747
987
147
1203
1615
1879
939
969
521
1685
139
13
179
1173
1313
891
805
1771
1547
1481
1113
1877
1071
1247
1873
109
1791
145
157
953
1293
659
1925
1561
239
547
511
1503
1149
29
1275
757
1377
1795
93
1369
1487
1393
45
1641
959
1049
1087
1289
253
361
1911
567
483
1345
931
39
605
671
1263
141
1545
65
1495
1187
1271
291
1673
343
1237
963
1957
1981
1643
713
597
795
1817
1159
1525
1417
731
83
417
1929
131
803
1337
317
43
533
1363
1563
333
691
685
321
137
469
1179
839
1151
809
1351
233
1709
837
283
295
1175
1995
1117
47
1355
1601
1491
181
919
993
1419
245
23
819
1965
1169
1307
1341
733
1739
815
1365
557
1689
1581
389
603
1325
1559
1453
607
1955
135
1987
345
1753
1281
869
773
1875
1343
913
1497
639
1977
1171
21
101
897
1887
843
1061
1291
1767
1625
1775
1799
1787
1287
573
941
767
1161
1021
799
1991
1699
1607
507
933
997
863
1823
491
133
1571
1903
25
1511
1939
271
1469
331
1861
1899
357
1443
1881
1913
1933
429
1367
421
259
1815
857
475
643
193
823
1297
1001
51
323
1863
1713
711
675
1391
1145
149
305
821
1901
1147
1989
1361
1587
1573
1153
1507
553
1745
1405
1199
1201
1969
1523
1279
1617
1553
1477
1839
225
949
1779
1693
203
1809
261
1647
1917
67
471
1789
485
91
785
241
917
1333
591
445
347
1935
1727
747
1385
1667
1585
1403
1943
1529
1077
1009
1885
985
1257
655
1029
405
1649
1329
1103
1133
1191
1475
581
1829
1303
79
269
761
1915
1031
905
1097
859
1089
299
1569
231
1027
313
463
1317
1381
1299
1047
435
367
1763
1227
1033
1447
69
1961
167
855
1895
1661
451
1433
1413
1567
477
1035
1575
699
1621
1069
1537
847
1543
1083
243
1459
397
155
379
395
877
71
1323
215
1937
1395
425
75
1249
525
981
1245
1241
165
1111
669
1985
1959
1599
1921
1971
1723
1821
1189
1551
311
205
737
875
1041
1591
197
411
221
1461
349
739
1451
1093
1653
383
359
751
1311
473
1589
721
121
199
1389
1711
707
119
817
665
887
1945
1891
509
1629
1931
895
899
1025
1349
1479
631
1761
1665
965
517
1221
789
873
1731
499
825
413
741
1039
1399
1773
925
1539
329
1707
577
1719
1209
1505
237
783
1109
765
1637
653
529
1139
1513
1375
1315
1499
657
1327
355
1019
1467
1465
611
1941
1793
745
1979
693
865
1677
705
531
635
1701
763
609
1691
973
117
991
797
1631
769
715
589
1143
1177
113
663
125
455
1135
37
1717
681
161
637
437
1261
289
453
35
535
1003
1813
943
267
1597
1515
807
827
645
211
1999
1729
1409
409
153
515
1101
1225
1157
1053
223
1905
33
1353
1207
961
753
341
1531
1635
99
1865
775
781
1473
1255
563
1439
143
439
1181
1163
937
353
351
1489
251
415
1883
103
1725
1857
541
569
845
1541
1755
1605
265
1079
1115
1335
709
1659
495
1195
909
427
1517
957
423
1721
725
95
1423
315
5
1805
649
861
385
189
401
629
185
97
169
1549
1185
1373
1801
1997
461
677
309
467
217
1859
487
1593
1107
583
927
575
1235
1583
777
49
105
1951
293
881
545
647
339
1841
493
683
1733
697
901
1837
1983
1695
1919
587
1927
1757
201
61
1697
623
571
1501
879
433
1471
673
995
337
1613
173
77
57
3
1855
273
1357
195
1265
1197
1909
1165
593
371
363
1057
1949
55
213
619
31
1305
1627
833
1947
457
1609
1889
641
319
1769
1401
249
1015
1091
1671
387
7
621
1193
