440 7
374
440
370
314
446
378
28
262
570
595
34
316
537
46
83
138
515
197
559
433
132
365
41
95
166
299
503
472
66
581
44
211
511
128
584
59
528
175
586
333
604
455
36
260
91
47
62
65
454
380
387
513
135
142
597
453
295
390
367
81
162
422
485
2
259
371
531
291
290
49
82
462
575
444
529
353
63
605
56
54
458
550
461
589
548
438
489
154
527
381
282
256
69
521
242
464
267
293
436
536
164
556
347
512
222
97
360
488
224
188
119
403
99
391
498
223
76
8
31
288
294
50
280
543
502
334
479
321
600
20
571
517
251
516
306
320
507
376
75
86
523
167
349
428
448
482
212
71
510
407
297
179
547
383
429
342
6
147
335
190
261
233
373
577
312
283
569
568
327
565
173
538
143
317
250
204
439
269
3
246
546
73
208
64
221
384
303
304
397
432
199
442
389
17
225
415
184
207
191
153
491
579
588
524
118
557
281
331
402
139
386
566
484
13
411
330
497
150
364
266
545
185
426
45
85
409
362
90
195
160
520
108
514
216
542
107
578
129
338
235
424
243
37
214
323
449
257
318
591
252
157
32
500
473
239
475
549
136
170
572
57
564
126
336
480
4
203
232
345
326
18
158
161
193
574
553
79
359
201
418
140
123
249
186
400
552
125
533
329
585
22
254
42
229
467
287
15
302
562
141
486
181
459
563
94
177
471
445
149
133
271
561
279
117
194
399
273
487
25
210
417
231
506
540
322
518
603
477
301
555
12
248
404
343
155
594
1
182
573
26
305
457
599
451
39
159
23
608
606
551
171
151
567
35
88
406
272
300
307
340
30
10
310
372
93
253
247
264
144
414
169
19
152
53
245
419
84
504
244
218
522
241
593
106
357
121
237
77
219
355
98
270
48
68
431
87
265
460
104
196
308
213
434
508
447
421
410
110
476
325
602
255
51
285
469
499
525
351
535
165
227
109
344
130
583
209
377
116
206
61
412
541
146
368
416
592
102
466
100
490
