6000 10
8234
8679
8435
6911
7770
3812
6253
5963
4739
883
2137
6628
1189
7836
2413
4379
1573
5166
3715
6120
5807
1326
1550
4520
7360
8571
27
8280
1075
7336
4292
4967
194
5325
3090
2520
2106
6788
5730
611
8707
1014
2258
3108
1487
5843
550
6728
6159
6285
4510
4459
941
1803
4865
2947
1241
2338
3255
5899
7333
3427
1159
4939
5319
4503
4948
371
4755
515
7320
4741
5603
1296
345
2632
39
2717
3525
4129
6371
1106
6868
2079
2974
6862
282
296
7809
4481
7884
4435
3124
6871
2590
1007
5587
6429
1980
2781
7613
479
3376
1186
1659
7663
5360
6240
3862
4672
8324
6672
8751
7486
8543
3179
3719
670
7504
2151
252
8903
30
7542
1873
1201
3368
1925
3976
6506
5062
109
5880
6170
1515
7448
6978
96
2062
4886
4997
1904
5655
4889
1462
3337
2396
4369
4962
4448
2508
7698
6094
91
3123
5699
7262
6421
422
7747
4400
6149
3263
7730
5424
1316
5828
4824
7828
3827
2864
5330
8871
8350
8093
7112
1513
7219
4410
4583
1378
5886
6644
1104
199
3250
5493
3969
6143
1151
6733
3967
3620
5035
8505
6077
4596
2891
4678
5438
2097
2692
634
5307
4155
8971
3495
5401
7459
3788
4980
7199
710
2802
3537
2365
887
2958
3662
6183
4529
10
842
6715
3752
7868
2337
1787
5957
7681
7146
7309
2285
1112
7801
5682
13
8339
3937
1211
1219
4080
5449
3582
165
4486
7126
6724
3034
5977
5600
6098
2134
1031
3272
7639
6873
4382
8214
6117
7971
4122
8270
1116
4364
8611
7436
6556
4881
4056
4198
266
375
5361
5928
703
7133
4921
5497
2462
1625
1866
5408
2516
7283
1694
335
4398
6508
448
8456
5087
3399
7382
5461
5186
5335
8667
8145
2564
1910
559
2843
1539
2754
6639
1644
3680
8791
5145
6412
6517
2655
6173
338
6033
3958
6490
2934
3507
5960
5207
4852
8301
4457
1431
3075
4487
6773
5743
7920
3087
8493
2342
5540
3363
5866
2711
5907
5139
7060
3664
1724
1650
6878
3112
7116
6865
7297
6668
4102
1412
3218
3738
4374
7831
8449
3291
3358
7847
1218
7331
5608
6510
3877
5372
3865
8241
4780
4483
1523
2020
6811
4844
4436
3586
206
1888
55
8120
8088
7
1305
7470
8380
5222
8438
5321
7712
5340
3740
7796
2942
7365
2620
1037
2572
257
5572
7611
1393
993
6221
3569
2023
6206
4253
6864
6847
7087
1586
895
659
245
4076
2043
6472
734
7983
1549
4254
4848
7366
689
2902
8162
4621
676
3774
7408
498
6269
6932
3841
5239
4509
8940
4778
7604
6174
6702
956
4444
280
875
5984
7052
7405
904
4736
3401
8934
4669
4151
1443
607
4154
3781
6203
7113
5865
7100
7972
5031
3804
8948
4518
126
6778
7191
2030
4125
7286
5197
8944
1564
3158
4915
5397
3194
7288
3068
5532
1287
6392
1213
3547
6881
1857
4744
1140
7258
760
1403
6580
4477
1762
8289
8450
7706
7290
2418
3503
2721
6613
8081
6962
748
8153
4942
7494
358
6622
3848
5712
3307
2046
1297
3482
3581
7069
6999
3772
1841
7373
1885
8245
7737
3685
7230
674
6408
5432
6776
8713
57
3545
5725
850
7764
4645
2135
5235
6018
686
8492
3559
133
8181
8872
7221
8239
3571
2574
5494
442
4740
1233
8738
2114
7765
2514
5053
4681
2522
932
6164
928
7184
7623
7932
5075
728
569
2542
4809
4585
6264
4214
3121
7953
6537
8161
7538
2263
8468
2360
5791
8562
737
1236
3110
2559
7450
7634
4484
7489
6463
4606
4425
7591
4004
103
976
2865
7510
212
8035
7455
5098
8723
1986
2317
876
3831
8693
4204
612
8028
3168
2173
3741
1895
121
6208
3009
7464
7930
2025
2222
5108
7345
7696
8491
6980
7390
5885
6144
6233
2662
5028
958
738
7640
2461
3759
920
2203
5241
8381
4110
5256
9022
2325
1399
6410
4595
925
6535
8439
9017
7067
8007
1570
2404
3593
1532
163
1432
6712
8684
2010
6586
7043
1610
3611
2976
696
7458
5442
1496
7381
8080
8859
2805
2268
744
3971
5801
5646
7517
2794
554
3984
4091
3926
6520
6257
938
2577
272
9015
5970
7837
5538
7725
2096
8142
5823
557
990
1913
2390
1504
4030
6845
799
514
7942
5
331
5855
5348
4866
4573
387
897
8841
7499
8250
5635
6624
1372
7777
637
3023
2978
3490
5967
2737
2593
879
1103
8908
4050
5976
463
137
873
4239
6687
6843
3950
1303
2318
3512
5684
6698
756
5017
6378
1311
7410
5070
3312
1489
1046
2796
2871
4993
3149
604
3225
2070
6075
5750
4782
2849
7050
5426
5905
8056
8375
4495
6769
4261
5522
6502
2685
8964
8017
4284
3546
2483
4575
3885
8257
3801
1427
7251
5813
8694
7606
4951
6707
1554
8228
1169
1648
5598
4961
823
3508
4264
1875
8509
1607
6104
1774
7479
2166
8887
8883
3329
858
3539
962
5640
49
2421
3284
8481
6732
3853
2113
1494
4067
7480
2120
8100
2921
4692
6964
9001
1321
5043
7567
7570
6223
8793
2438
763
6808
2093
2091
2948
6091
6920
8292
5518
2000
3134
3918
1666
4185
7849
1374
394
8621
1317
6460
2232
7207
1665
54
7654
3339
259
6582
6141
3459
6000
616
3476
5470
2664
456
5217
151
7322
8167
1020
8836
2291
7951
7443
7927
530
3437
1541
7820
72
4590
7750
5460
7358
4054
544
6042
2857
3457
8544
3934
6636
4751
8298
7497
2886
4953
547
8196
5915
348
4843
8061
8609
5821
7608
8960
3446
2058
3126
3944
9018
7159
2660
5566
3660
715
5689
2329
7760
3042
4727
6380
426
1477
5739
2984
5052
488
3280
1719
582
3548
8966
8744
583
8803
255
8546
155
3974
1086
8580
5034
86
8924
5229
8226
4008
7300
3693
6924
3590
890
8564
5113
2790
3144
751
7294
443
8687
3624
8838
8348
8735
7055
4143
3314
2060
4925
100
908
7347
3652
8119
1766
6942
5811
3988
3
6551
3305
4612
7389
8316
3460
8147
1556
7683
7752
4653
7439
7638
424
5105
4392
1527
2066
7559
324
2012
2382
3205
1099
6302
726
2792
3601
1029
6398
8669
5869
1026
3365
717
8610
7912
7843
8551
6861
3249
984
6003
4000
3163
2848
4148
1349
4537
3230
7314
6632
1470
520
7845
8040
3153
2003
2569
5551
98
1853
6362
8466
3008
2102
4908
472
7689
5423
2795
2272
1167
5226
3413
8585
4408
4232
2491
753
4165
7731
3464
5150
6689
5939
8
2546
7134
6961
7074
6099
1074
405
8672
6181
429
4011
2374
2731
6040
1911
5623
6046
4218
1608
2696
4788
7753
6578
5177
3061
1208
1596
180
784
8681
8885
3948
615
1395
320
1288
3560
1814
4523
5174
8555
5021
6348
6547
3561
6307
4625
2453
2621
4863
6266
529
3651
5011
5925
954
1115
7308
210
4500
806
7002
7291
1023
5642
3711
4388
5847
6358
2121
6246
8402
6663
6178
4390
5800
5431
8592
4226
5377
7793
7782
5705
6469
712
3543
7056
7982
2187
1010
5008
2398
1969
2296
9000
6216
8248
7042
3199
294
2480
4440
470
5128
6823
3845
864
1295
4036
945
8472
2648
5039
551
1451
2550
2290
7108
4348
7182
6189
4069
4659
2700
7198
1868
5437
2371
7605
4982
856
3659
7800
2249
5511
6405
6835
4517
5783
6570
2730
367
777
6970
3975
8757
6152
830
4753
4213
3549
4572
6718
2680
8619
2373
2251
449
7733
3945
1747
7136
653
775
7939
3160
915
2004
8276
3015
3342
1995
5772
4827
7515
5090
4969
1382
4236
8397
1309
7217
8048
5343
2999
3751
5192
5744
7717
539
8326
3001
5045
3700
773
2594
5838
189
5584
5930
1314
5753
5410
1641
2163
8084
7254
7871
5763
3709
340
5876
2753
7259
2608
106
7642
2776
4116
881
6138
4709
7115
6504
2747
833
3076
2869
5019
4675
3331
5862
6118
7694
241
8955
1206
122
8807
7434
2960
8210
4527
447
714
5082
430
3896
2357
3441
1612
988
5096
1702
196
5856
8499
6751
8752
6592
4723
1791
5767
2950
7248
8109
3270
287
8923
4895
4749
5251
8683
6686
6441
3796
4882
859
8843
3641
5152
1592
1627
6065
8291
5378
352
8658
6740
1397
5274
1940
7186
6981
4901
2677
8414
462
6458
4984
8668
4614
4826
8578
8582
6676
8844
5577
3874
66
6323
8591
7086
6723
7508
6071
6069
8076
7892
6471
6877
683
1579
4635
3629
2905
4474
8721
5729
7603
6066
963
6509
159
7526
1710
4337
316
2410
149
2432
2210
1732
8221
1728
6136
5542
6523
6640
3992
1114
1817
7875
983
6146
2544
6112
7027
930
3450
4665
8317
6710
3739
315
8740
6394
268
8961
1221
1475
1353
243
7215
2654
4222
1672
7758
4833
1408
3452
3518
1897
2127
2635
7937
8769
2567
8458
8945
7686
1183
3203
4941
1441
2988
8202
6301
5836
2990
7476
6333
2860
7903
292
7965
4904
8602
7680
8665
354
619
602
3135
415
4978
8706
8052
3319
3223
6383
6230
5123
3871
1927
2759
7189
1692
4396
1027
8395
6657
3726
5270
4927
5881
271
5621
532
6341
3485
7085
5816
8781
3907
4786
2735
1004
2092
3883
1328
4082
7125
63
4403
663
3787
5714
6367
3389
5404
3258
80
1439
8982
4735
3644
2725
6381
6944
5776
7449
3210
6576
4446
5049
4170
2743
3633
1939
4607
5015
1460
4959
3139
8926
399
3116
7421
2656
8943
7004
6337
3654
4178
4642
1508
7940
8731
5398
4965
4451
3928
5505
3256
2819
7311
991
1800
7299
5403
5051
1854
6388
1323
4579
2880
7397
1429
3102
1822
5221
6155
5391
6366
95
5732
7595
4759
38
6315
5817
496
3892
3820
2240
5193
4115
2888
2194
5759
3484
6396
8705
2193
1772
1965
8331
6096
4475
1871
2659
7897
594
8760
7945
2054
4040
6857
3232
5238
8051
7665
3397
7702
3392
4876
7834
803
4720
8770
3602
3642
6338
1467
397
6474
2205
4095
7007
812
2199
3071
5286
5659
1981
4570
8958
4171
5310
3576
1777
4560
6869
1402
6200
7395
6549
7597
5137
729
666
253
1319
1200
2670
1565
1964
6312
1522
8732
8243
8344
7520
1629
8180
3941
2327
6634
7026
2384
2923
341
4706
7370
2128
6390
1616
7573
8726
2797
8969
6347
4442
8535
225
2789
6784
3275
6679
5280
7540
4600
7968
3029
4033
6765
3506
1485
3746
1821
2646
6673
1807
2927
1525
1979
6959
2525
8077
1753
538
2032
8370
1371
3016
2772
7097
4725
4873
7592
5240
8300
2510
19
6387
2320
250
3468
8313
8346
3220
8237
5374
7812
742
403
4869
8896
7593
3946
1268
7742
6319
5427
2115
8189
5125
2255
8629
3617
579
2875
3754
3393
8086
4290
1967
4871
8258
8159
7065
3303
5992
4489
4836
8251
8514
7029
6014
885
6787
5524
5941
124
3555
5872
6413
8550
7773
7171
1632
1928
3282
7669
6601
3060
6952
3308
7879
3734
3040
382
8692
7245
3724
2450
1906
4201
7990
3707
6002
6939
6995
992
5114
2854
8441
3936
7474
902
5336
4205
2383
2837
178
1021
5368
3996
3378
5848
73
4437
8213
61
2625
6031
8566
322
3674
8415
3372
1285
5324
1519
4796
1602
3129
1170
2295
1968
1533
6507
2674
5448
299
3626
679
4202
6555
2048
5284
6842
2645
6024
4230
8547
8794
4991
5909
42
1770
8597
2389
3080
3390
3595
7974
6048
8857
8220
5023
5352
5628
5450
5322
4737
3728
8419
3118
8981
8990
6191
6349
7947
5973
1300
5736
4776
305
2309
7899
3471
1490
4647
872
6818
4545
2392
3821
4307
6529
5916
1764
1292
3985
3856
3267
5911
3634
7147
7176
184
4331
6909
5837
1473
8377
7944
4828
7166
3863
7325
284
8409
1301
692
1682
1810
275
2919
7209
6782
4367
4100
7493
8403
4094
7629
6245
8623
3535
7154
5200
3332
5673
3154
3237
8155
2312
3866
997
8878
8407
3138
8001
4042
2178
4200
8360
3702
3419
838
4044
3592
7562
1125
870
3432
7139
6488
7891
2072
1338
8124
4093
1973
328
6106
350
2206
6893
6318
4564
3834
1915
5994
6172
2964
361
6519
3767
2607
7780
1033
2773
549
8138
7047
1678
4591
5633
7172
2201
5678
3088
6196
8152
6478
6049
6917
4270
5861
2616
4297
2558
77
302
7659
3260
329
3889
1239
821
2741
2064
2145
1100
1765
2778
8932
3721
7887
8850
6300
2358
6225
3417
5698
6057
6161
4565
6331
4015
7193
8918
3902
4329
1892
8399
1079
7703
4243
4120
2579
7178
2130
4356
4358
5784
7955
3198
6083
4768
1882
8174
7719
6292
9020
6373
1706
4766
5723
1916
3951
8091
8328
4251
8947
1161
2928
7650
8553
8606
7525
5707
5559
8261
8043
4215
7272
4791
8821
2539
1696
5365
2982
1975
4314
1630
1207
6171
4805
3723
3732
6820
3965
8428
1048
2904
759
6927
214
8761
5596
7673
4989
4544
1741
6350
6110
311
513
6588
6500
2336
7362
6941
1677
1613
3784
2266
7168
4268
5356
2149
3301
3178
810
5602
5590
690
8137
7092
9013
3687
5382
1708
4135
6762
3963
3771
1978
8452
834
8446
4700
5215
4553
6008
4620
1703
8862
9007
3181
762
2328
3300
495
7400
486
8845
4795
6633
7646
7411
7589
8127
6516
7861
6140
5231
5009
4837
4376
5906
7976
1796
558
3367
2917
440
4658
7964
4413
4144
7957
8030
6966
7636
2920
432
1779
6278
4861
771
4975
6545
4341
3184
1464
6755
6918
6035
3036
6793
2411
2123
4663
5315
5979
3536
5185
3428
446
2524
4609
797
5459
5530
6905
832
8666
304
389
3404
7858
5819
3078
3689
721
7059
2068
1012
1657
8050
1949
7257
6997
5796
8207
3261
8236
8025
1344
7038
7412
1737
1067
3097
3271
3514
6176
8070
453
8865
7083
4278
4624
3125
44
6895
2343
1962
1281
2261
6495
8930
8121
4558
664
3442
6910
1715
878
6239
6798
8193
4586
8171
6424
4858
5710
7020
8230
5874
699
1901
5998
1775
113
8448
451
3910
5435
802
4567
1417
7045
7363
2605
2103
5189
2830
75
4757
3765
8379
204
2217
7839
2932
114
4945
6915
5696
3055
635
3431
4745
3463
5380
1845
227
2548
7916
3531
3041
2720
1512
2299
2861
6123
8856
6369
7601
3603
3636
3038
6121
8569
1944
591
5669
5971
6345
6832
8437
7496
8413
2689
7674
3690
8767
2506
1479
3646
2676
2345
4818
7558
6007
3881
5929
8183
6990
2877
1246
5509
3156
2636
6011
772
185
8096
3924
3887
4979
3497
2803
2642
3749
7688
129
5599
5013
6465
4032
2699
965
626
8928
8810
2230
5720
2945
4711
3667
5211
4279
8796
6867
5434
1153
7197
4814
1819
4296
6608
9004
8785
5996
2668
4194
4391
4053
1869
176
7869
497
648
5940
4994
3191
8830
4354
6364
1273
7524
1057
4176
238
3949
8558
8321
2040
2245
3779
1604
4638
2416
4605
7101
3380
6430
7544
1551
4351
687
2212
4568
187
4973
7316
6803
546
15
2713
3302
4103
5414
1725
31
7911
5363
8764
999
3336
7368
6355
1501
3242
7754
2218
957
2276
911
841
8818
2028
1433
8985
4371
7734
1135
918
2246
8334
4633
4133
1341
7440
758
6813
4304
1883
1005
787
1590
1789
8015
5132
2401
409
5832
2800
5496
4562
5884
7978
3605
1425
3251
507
6546
8105
6272
6856
8216
2144
7746
3980
6427
732
8676
401
1178
4654
588
333
2915
5645
1587
1646
8977
0
2131
8484
2444
7249
3912
4702
5667
8907
5213
3566
4976
1705
3298
2512
7214
7228
2980
4098
7210
8788
6070
4070
373
695
6612
5328
7977
1557
8134
3105
8688
7503
3613
7152
5065
1458
4764
8881
8755
4343
4893
1722
7898
6851
8112
5484
2724
7482
3487
7926
6322
2489
1383
1077
236
1318
2356
860
708
6725
1252
3748
4689
8351
5636
3352
1568
5680
6211
5554
511
2168
5060
7906
567
92
8889
2986
5657
3822
4771
1798
7581
1172
6771
7312
493
1101
7143
3516
1899
2190
8023
3247
4891
1840
2452
117
3838
3020
5162
8197
1864
1987
1993
8376
6654
5004
8335
6376
6419
8638
8090
7063
1327
9010
7338
6969
7728
6217
2834
6165
8531
8058
6305
862
87
1830
6563
6456
2769
4316
9014
1977
2152
5919
7943
4206
2379
3402
7969
1815
7137
6304
4593
1999
7419
2348
5951
2476
2253
4058
8789
7120
237
1801
1071
7072
7627
3505
7019
8418
7893
3192
996
1955
1606
5326
5161
2007
6708
4999
8461
6448
3609
6064
7287
7610
5353
7993
3044
6452
8054
638
242
4208
4046
7180
3479
9
5292
8565
621
6379
8366
1849
3618
1543
4694
2749
6179
4088
3750
3438
6027
1548
8604
5782
431
2082
5245
8308
8423
2531
8916
5218
6694
8816
3588
1307
3770
1052
805
3183
2576
5135
3955
4987
6455
5262
1530
5159
64
1585
5703
3253
854
2038
6153
6525
7908
5794
1851
2041
7522
157
8700
8598
2471
4505
3132
8552
1051
3532
339
7630
3370
3519
6594
1529
5064
4321
2331
8523
4811
6415
7829
3813
3579
5568
2614
7445
3005
8919
8453
2519
36
577
8353
2305
1202
5002
2333
952
1243
8310
7511
4933
7705
5290
654
5620
5868
3900
172
5738
5769
4924
7298
6726
436
5168
1837
1050
4846
7561
1035
3922
1084
4535
5785
8083
5652
981
6753
4750
5693
3964
6288
3279
5545
2016
2001
8359
5306
8733
3147
6735
7304
5935
6584
2468
8805
7349
6063
1517
7292
3762
3109
5946
8378
1387
2691
5770
8388
4722
4680
8827
6914
2770
1042
1145
4539
6587
4179
8431
5393
6982
6281
1392
5965
5937
2322
4650
8824
1028
5383
1482
6912
6931
3919
4628
1636
4490
7123
2364
1283
4878
2585
2910
4406
4885
5026
4995
3359
1698
3189
3474
6492
1324
6533
6886
1446
8411
3698
4761
4903
7934
3462
5841
5068
5130
1828
2537
874
8495
5806
8660
5203
4547
6760
3265
4263
6945
8521
5288
5863
3285
1175
6443
1581
4168
6372
2704
1154
8771
2170
6560
766
8480
6531
3598
3070
5887
217
7865
5792
5234
5581
4216
4661
6182
2447
1255
6447
8175
2678
3234
8139
102
8804
4349
6896
8421
81
2832
572
3127
6827
5852
7661
8614
4353
7690
3155
6081
7652
343
8303
3695
3200
6044
1260
6432
521
6955
6232
8094
8400
1712
2750
8909
4248
901
4524
8365
4084
5308
8184
658
3639
4732
7724
9006
418
2885
4224
8879
5468
3775
8743
5974
4184
5631
7619
5982
2596
2433
6409
1618
6596
3444
8103
7530
153
8185
713
7962
5092
3744
7164
5544
6089
8391
1192
6590
7160
4970
6037
494
1357
2970
360
6852
4464
1277
7985
6785
3716
3195
4473
170
6849
1825
4052
3697
7492
8991
2686
1142
7205
4066
2845
4868
3818
6604
2935
1598
4283
3227
4676
6163
590
6780
7090
2884
1663
7403
7212
906
1685
7463
4493
6260
6963
8143
3193
8205
969
1369
1006
4325
536
6237
7885
247
5191
2657
586
2287
3914
7041
1701
6933
2362
2235
4850
174
7277
7819
406
8659
6400
6824
3244
814
4774
7987
5675
3472
899
5444
6132
6294
4897
3119
2017
705
4835
1900
8382
2581
3872
3478
7707
8426
4167
1053
221
146
7535
6265
3916
6313
845
5419
5355
441
7529
4335
2922
28
283
2601
4588
632
2034
768
4247
4014
8275
6597
6606
5124
6882
1365
8009
6512
190
6599
7201
4729
5389
7553
7505
3713
2613
5032
4211
7364
4134
701
3347
8983
1749
5149
128
5809
3344
5121
6124
8512
2812
555
5227
5094
4497
4515
6557
8371
8195
4320
5575
7252
3961
3174
5338
3011
2122
964
5481
1098
1909
8247
8294
7200
6426
8173
1198
2074
523
6259
1199
2084
1521
8006
239
1889
851
5085
7616
7392
7995
8268
8698
6482
630
5626
3486
6477
2722
6903
8568
3802
4769
2627
3675
3551
8822
4439
7070
7721
3649
7501
5695
7103
8079
3394
4234
1843
1623
2478
4602
3216
3188
1835
2907
3672
8890
8748
2465
2124
7269
2430
166
8709
6251
357
4643
3439
4119
434
6335
4820
3469
6368
7551
5501
2844
7265
3046
7546
2026
7127
7988
4124
8238
3093
678
6407
52
4246
2335
4139
7340
8172
4107
2019
8122
6888
6126
29
6543
6157
4622
2894
4577
4519
4373
3870
4598
7098
6180
6316
1407
537
2159
4114
1848
3434
1266
4834
613
8062
3221
8901
84
5624
4813
2454
3316
2142
7021
2606
5420
3854
8777
2570
6956
7371
136
2821
7888
3032
4041
4887
3638
8548
4731
2563
4159
6450
2047
2297
5141
6603
672
4350
540
8392
5661
7852
5030
23
4334
1419
7961
4581
413
3956
6021
986
1414
366
724
6774
6943
2442
5304
790
2165
6690
8373
7256
8530
8972
4662
7577
688
6742
5107
8019
5507
6005
6575
8117
3410
7676
3374
88
3406
1210
4009
5826
3501
2428
1377
8341
3677
7710
3239
866
6059
6831
892
7771
4281
1695
4627
517
6666
2925
2220
6801
6650
2499
2629
7377
59
483
5147
6826
445
1471
8106
8673
3777
3972
7306
6130
8011
3051
3454
7466
6646
2223
3449
2622
1025
7523
2101
1537
4250
420
1070
6532
4718
7144
4748
2108
8633
7890
3145
940
200
4789
4454
3657
7226
7022
5681
2937
6713
3456
4394
4327
2415
8877
3350
8864
8589
5024
2650
4673
476
8671
8730
1921
6562
1306
3293
8111
8763
7032
5181
5317
7024
1783
1405
8608
1675
1131
1380
1124
8479
4803
3287
2496
6055
1410
7414
8515
8191
6936
1561
6453
2853
7621
8223
3849
3607
4346
6680
2729
8739
7896
4145
2965
6669
1002
2311
7359
8826
74
3933
2353
5000
6661
2369
6906
719
8979
3387
7980
6309
2732
2752
8541
1545
1721
5870
1738
2354
3411
6296
5503
6039
7243
512
2756
4417
5943
8913
2252
1466
4937
8661
407
3742
1291
2459
6271
673
3341
2208
2260
3448
3395
2710
5520
8101
4078
1760
516
6986
4038
8754
1971
2400
8342
5638
4415
5006
6696
141
3095
215
437
5109
7335
7924
581
1893
6958
2077
368
1546
8273
8586
5716
6858
4808
8783
1360
1856
1510
8225
4210
4420
68
8704
2394
1824
8526
8164
7571
1237
927
780
1160
5879
1194
1217
3898
2314
3782
5999
1684
6887
4362
5662
1043
2330
2583
1452
1562
2787
5576
7048
8941
2148
4830
6950
7025
1580
7195
2867
4554
1746
6093
2518
2188
7432
636
7296
5665
1250
5416
261
5892
3541
2652
7693
4648
8576
8265
3058
2472
5774
1768
3000
5184
1262
8307
4302
2426
1095
6051
475
3978
8988
3421
119
3630
998
7232
5780
4690
5900
4946
8635
2315
913
5452
5171
4747
1384
3942
466
1558
643
8198
6685
4922
2780
2474
5249
7818
6540
2715
7666
392
7017
3982
2110
1108
8690
1812
4541
8717
3481
2157
4193
5831
4772
5476
4533
7234
1334
1226
4397
5629
5616
2267
7554
3983
4883
6402
2324
8135
5923
4670
8068
2640
6528
327
3424
2624
4479
3521
4340
1238
1652
5968
8537
1983
3172
8282
229
6435
598
5179
8517
6938
1228
7563
3082
5293
6298
7431
8021
1333
525
1423
6559
944
5080
1418
7560
4089
8648
6250
4923
4060
377
4318
5467
7794
142
3891
8329
642
8725
1846
2237
5502
5411
6114
7882
5564
2841
2604
7641
7380
276
5850
6494
4164
7141
1137
606
2099
3025
4905
503
6988
7326
231
6359
8711
5787
2889
2387
8595
6115
1329
6681
6743
8652
2562
4310
4456
4823
5578
5734
3083
6248
8476
8442
8253
2492
7675
2458
1923
4387
7222
1862
3913
3884
5961
7823
135
6103
4543
7084
6968
6417
2055
7798
948
8209
1863
4289
1157
8126
2517
2303
1456
8894
7107
2350
8649
1758
7429
6790
3511
7643
8212
1144
3656
1661
6444
2484
7343
7569
4360
6806
1781
5271
8714
5311
4380
907
2694
7678
8574
1946
5687
7970
2618
1507
309
130
8834
4912
6670
707
7162
4026
6330
5989
1593
1155
8115
8854
6280
6853
5069
6757
7009
4651
855
7194
3810
5706
794
5955
5651
622
1669
8828
7417
6226
7424
4404
1794
1492
1091
7456
5810
300
3673
601
3793
6665
2833
6792
1918
2293
5562
2033
1190
4556
4048
8538
5195
4303
1354
5282
4106
5802
4034
6262
5406
5824
1833
5158
4181
923
4697
1062
7513
2697
5591
5593
5489
1454
6327
5932
974
5392
7467
509
1447
3760
5457
3857
8179
8921
4418
3875
3180
978
7877
8274
518
4699
6029
7736
2155
764
4949
4471
8266
219
2498
6721
5300
7769
595
1129
8287
8066
3502
6648
2765
8974
6009
647
1754
2718
298
4743
1110
6445
1177
8454
7585
1187
5071
2630
8756
779
4306
1788
7822
2436
3409
3795
3136
7533
11
5083
6649
1363
1294
4716
5154
6022
1358
5534
4074
1959
5991
5883
5037
2565
5088
5580
1929
3706
454
8847
8018
7518
4412
5407
4131
4526
264
6274
1096
6204
2495
8728
7863
1942
5138
7385
5606
2968
1957
609
7076
318
2549
836
474
1093
8113
5067
7433
1566
2775
7741
7394
7081
8953
3627
4221
1614
903
4421
2540
3162
7174
2873
7997
8962
4150
2361
8363
1576
7952
7270
1279
6620
4838
847
5387
7039
8440
6768
3228
1948
4219
1736
1440
2241
8503
3562
3100
6151
1877
5997
8004
7353
7991
5677
4919
2708
4793
680
7917
1391
7441
35
3694
1984
5474
5247
1832
2036
1567
6554
8616
3906
8003
6972
7788
8654
4276
818
8528
6946
5455
3953
46
6926
1643
2763
3819
1272
3622
7929
671
4840
3758
2610
6745
3277
2706
3768
5878
5117
7984
6329
5619
5840
3013
2745
2900
4384
1389
4083
3140
1894
5513
82
4241
6948
7660
1082
5897
5261
1634
6311
2959
4816
5528
7036
8674
4958
7279
8560
4507
8642
1445
3065
3085
5341
6846
7468
8072
8747
4986
8296
8130
8759
1976
4825
6891
5302
3789
374
4097
4931
5169
2057
3833
7216
273
2599
1257
7756
5333
7030
1274
3296
2226
7150
5748
2855
4783
3053
1181
3289
1953
2672
2804
1718
4191
7357
2116
3091
649
1818
7631
1757
5133
2377
3214
857
8663
4402
571
816
223
1290
3990
4429
2992
3931
277
6310
4265
3466
668
279
1361
1860
5647
6876
8583
6879
9009
263
7274
1032
1744
3860
1998
5417
7401
7873
3030
93
1622
168
6796
8355
5948
4197
1827
5663
8013
8232
3998
8849
2858
7037
48
8563
8046
8000
1102
4516
1717
4330
1016
7158
3414
2164
1595
6255
5987
235
3018
4427
8627
917
8579
6860
4272
5921
4522
7622
4188
562
7565
3170
7913
7556
8646
5700
7691
6459
3488
7700
1041
6522
5756
1234
6128
1421
8075
8874
970
5376
7484
8588
4686
3681
3142
4295
1704
2908
5103
468
3791
8617
3268
8475
3385
8631
8057
6353
6279
5733
7816
2423
6764
6101
4918
8312
8967
5236
4274
5625
2482
2665
5541
8914
3426
2863
6880
6974
2598
825
7657
8497
5275
400
740
8557
2573
5440
7005
3245
3823
8165
3007
4724
2823
4667
6244
295
2774
7383
5888
162
6617
6704
458
8938
7437
7582
2224
1434
145
5958
2527
1600
7202
7514
8869
1356
6147
5463
3211
220
4126
6834
8501
610
3851
5198
8956
6749
6475
8049
67
1952
5073
5143
8630
5253
5761
4854
5102
749
3292
4431
6855
2533
160
5890
2943
2183
1230
7803
7235
8678
2952
6630
4963
5101
5202
5332
4195
3904
2160
2682
3528
8641
1248
505
7670
8284
3017
8812
7739
950
6351
2912
1524
576
4640
6219
4853
5804
8471
3475
3354
942
6656
3671
3558
6951
269
5486
916
6593
5858
1351
1168
1876
3201
7089
461
5375
4244
336
3665
3584
1936
5111
2957
7453
6514
2467
1008
1991
3717
7786
7110
7118
3345
2695
1133
385
4416
4913
7149
1880
485
6210
2892
182
2076
5757
5116
1755
3577
4971
2534
4943
6772
2126
782
4712
1589
4259
1499
7744
2807
1605
7806
560
8177
698
5480
2930
3730
6275
754
1988
47
1068
2402
961
2633
7507
1693
2406
5465
7824
8463
6816
2591
1793
7077
2896
1298
8952
3064
6642
2105
7918
3349
8510
502
7430
2381
8278
596
8367
4799
4309
7684
8305
5350
5944
8149
7921
5490
8302
534
7121
5257
7427
6574
3679
4616
8063
4258
3003
8125
4099
7625
5370
795
3436
3407
2248
2289
4604
3616
1526
7713
1624
4118
8132
501
2176
7155
3808
6403
7902
7633
5722
2022
3894
1147
4312
4152
7058
4571
723
3683
808
8430
2571
4501
656
7767
1081
1092
8464
6992
7247
8384
5614
2449
2505
1778
7341
6973
7457
1394
4762
7901
2560
1486
3929
1647
7387
5345
2761
8533
3523
5297
5220
6814
2445
3648
6476
3212
6572
7415
3494
6085
5654
3661
8524
6213
3219
4715
2688
3764
8612
7375
6652
600
6497
1865
1518
7959
8349
7014
2440
7840
8041
6480
4189
2955
5786
4687
6228
438
5072
5934
3623
2279
5499
7129
4956
8951
6385
8820
8151
3022
4157
7645
2446
2172
848
2185
2828
1312
6805
2914
2063
2009
3176
6423
8799
5386
628
2588
5894
7093
6062
2274
460
7012
651
8425
1275
6016
5119
7864
78
1730
7170
7157
6129
6902
8997
5405
3167
2133
2
7015
1322
2081
792
3240
2095
2147
2702
5347
7423
1342
2456
2242
4708
1165
478
8773
3326
8554
3908
2341
4345
8297
5278
5399
685
21
6610
1438
1386
7267
5164
1535
819
6185
2903
4618
5033
202
7859
5047
3755
5583
3859
3113
8487
8899
5953
1264
6929
1691
2824
7061
3670
3229
5472
553
2386
7426
4090
2284
2090
8520
8656
2488
8702
6297
4842
7342
781
2798
4728
2638
5057
325
6838
7704
1245
3825
4801
6568
8860
6079
5536
7572
7008
8129
4228
8832
7477
564
4461
6795
6343
2738
1506
4002
5344
4860
2375
574
8045
8976
8911
4267
7203
5175
8332
7844
1961
4550
285
7587
427
8460
4037
8200
3647
6073
5454
7992
8539
8852
8963
3166
5589
2940
5859
7575
6874
3614
1122
7568
3325
730
1577
4065
4286
3585
1930
4704
4932
3959
2470
2118
8876
7537
5639
657
8390
747
4696
2529
7960
481
3556
7057
8433
2264
4738
6674
6898
3879
7805
6678
2808
4452
1727
2005
5172
4629
7922
1416
5644
3243
7275
3295
6169
5549
6440
4237
4683
6631
7407
8765
8737
891
4287
959
1061
7239
8625
8187
4160
7548
2603
8343
8319
307
51
455
2180
5799
365
2216
7329
7655
2817
2050
3104
8573
1270
3323
3786
4491
5949
4016
8814
5059
2785
4432
922
3553
8639
3843
8420
499
7488
1376
3997
5458
2154
5741
800
1223
3415
1072
1934
1444
5845
111
2197
5165
5830
4022
6767
9012
980
5156
7282
8949
4086
7237
6053
5653
624
6953
3283
6683
6187
4006
4552
1674
363
2346
2214
1919
7795
3348
1148
5514
8779
5746
8218
1336
8192
3207
5259
1571
1001
1878
5078
17
3632
90
6406
7905
5205
3049
3806
1859
7791
6306
2156
645
8715
4856
4172
6810
115
3515
2644
6461
5835
6336
2073
5491
7784
1120
8581
7726
2826
70
2767
4929
6705
7762
1173
3405
6201
4822
8227
1954
8797
1468
3815
132
7280
2195
6436
4105
6135
5789
1271
3994
6692
843
2257
1951
8750
8255
8315
4162
8867
2207
1401
8968
7549
5586
1232
144
383
4174
9023
2052
1638
947
3757
5833
5429
2552
8060
8169
2997
7461
5055
2740
5595
1064
3780
5182
681
6581
5574
640
1642
2938
378
7779
5650
5366
5041
8444
7531
1750
7802
8618
3321
3530
2399
3668
2307
8260
2762
4187
5089
2757
2734
7618
4785
7351
7472
3306
7709
2301
5648
3047
218
7355
3499
3600
7648
4831
7337
5552
3320
2340
2013
5173
3575
7491
5436
4656
6711
1163
894
2815
8644
4685
1809
4734
910
935
7810
5483
4109
8477
2184
4140
6513
2352
3797
5954
3418
1185
736
4401
5612
3381
967
5671
5279
7054
7079
8650
2059
147
826
6840
1912
2434
1436
8277
3554
6837
4615
40
788
7748
2878
1182
1937
7895
4339
7446
7854
769
7241
4323
6989
868
5950
3161
7099
2069
208
4061
3057
5751
3073
7418
584
2219
839
1699
3383
2553
5127
7372
3317
1687
4294
3799
4147
4916
6937
2283
6700
5487
3829
8518
233
6527
3338
972
828
937
1639
4293
1656
5421
3839
8561
6553
6542
889
5579
1654
423
7998
2225
3594
6019
662
3375
7318
5099
2586
4449
8593
2162
4256
1552
2486
32
6242
6023
6395
6747
785
1449
370
5985
5295
4434
5313
8615
1127
6822
7775
2431
490
2424
107
6884
8416
8507
4610
1481
8369
566
192
1367
2898
1686
7679
2502
1184
8782
1720
2882
5395
410
1215
8340
5903
7261
248
3858
6236
6314
542
661
7966
2234
7814
5516
2816
3027
6682
1216
7095
5048
639
2879
2673
2044
6340
5755
3165
6934
3666
390
4377
2138
1542
6192
2500
3190
8594
5413
1055
2422
8897
5570
8071
8393
2228
7668
7909
2479
2140
2104
3274
8645
6916
6268
7915
1150
7826
3151
1861
4511
467
3269
5814
2847
1671
2838
3568
5224
5686
7949
4714
1289
7851
3107
5778
743
1679
396
1059
4463
5901
7711
8203
8029
8027
7519
6276
7723
4005
3710
8470
4169
623
4513
7715
3492
8107
2994
1620
465
2281
7866
7105
2277
6907
617
1498
2192
1240
3299
381
6438
5618
5918
4608
4872
7672
4013
8405
5718
8490
5839
8078
4935
5110
966
995
3435
6922
4136
4631
5266
7936
8010
2995
4531
5701
7379
8271
290
5604
8427
629
694
8892
2839
2962
6167
7302
1088
7579
3455
6564
104
2555
5610
7240
6067
2727
869
2647
8286
3187
8146
6134
3510
8987
7224
3533
5927
1196
4636
6737
3987
5765
8323
4466
6716
3747
34
849
6589
25
5691
355
2175
6518
6984
3067
8720
7808
3131
4010
2813
1559
8636
4141
1887
2244
2464
1214
1714
5547
5187
6012
6800
3236
5709
4549
4300
8686
6538
3196
433
2349
4465
2810
7599
7131
5727
8033
4423
5561
3327
6198
2971
7475
8352
4365
8074
6626
4936
1575
6659
2408
8336
2954
4910
1583
3691
6701
6158
4902
1373
3423
1044
3356
349
3098
1347
2420
718
4469
1225
1500
1254
8386
7399
1066
7374
6638
8746
1090
7586
8718
416
8473
3565
6720
3837
6356
8242
1483
492
5526
6662
745
3847
2493
288
4880
7528
2835
2783
4626
380
8338
8037
8285
2181
2088
6374
2536
1743
3940
1018
3334
5209
1990
1932
1502
527
3835
8486
4468
5557
4063
3981
2238
8742
3186
5849
8839
5142
5254
702
6061
8775
7647
2270
4804
4798
6025
6222
6434
853
934
8936
1903
2504
346
7323
2125
3836
6498
7832
4899
6290
1740
6361
4499
1370
1340
7034
5272
3868
2014
4182
5913
4112
3208
8065
2667
5535
8959
8905
2612
8157
7842
6087
5853
7856
8801
6730
6566
197
1553
912
337
7264
1503
5077
6108
3816
3564
1265
1839
2683
5277
7931
5233
4028
1735
8488
3704
735
8362
6758
1491
6234
3361
1997
3115
4024
2487
139
4874
2851
8482
4138
8808
2991
7789
593
2407
1890
1655
4954
5046
3921
4496
8032
2556
5656
3814
1119
5797
599
5134
2111
5777
3062
6287
1907
5264
7583
1204
5980
6615
2669
7188
1668
5400
987
8998
313
8600
8357
8786
1785
2086
757
4153
6900
1117
7284
1346
8073
8993
7881
7010
7876
1227
6283
5243
7001
8039
6486
6321
1039
2972
1258
6889
2967
985
3596
2367
6618
6194
5358
8333
1180
8141
1805
1733
1689
9003
8098
1879
6467
1331
4072
3938
3430
4807
6738
41
3310
4906
5895
5917
4299
5268
1751
6965
3736
6215
5555
2202
5920
2987
5478
6993
4018
4385
3573
6829
8263
7452
7615
4020
6286
8995
3844
5298
412
8696
6484
6325
7327
4127
4332
1139
5384
6976
1681
3527
5446
