8101 9
20006435
20010237
20008296
4914
1466
20007281
20009182
143
758
4605
4920
3024
20010625
546
5032
1756
1438
3751
20011281
20007931
20011362
20007355
20007024
150
20009392
20009906
774
1318
20009251
1765
5601
36
20011283
1889
20007297
20008111
4469
20011754
4572
20008982
20009460
3783
20006697
5383
20011661
4649
20006991
20006845
20007128
20009250
20008797
20012147
4481
20011869
20010916
20008130
5255
1722
4487
20007679
4984
4173
20008442
3199
20011832
4334
1421
4757
20006990
2134
20009917
20007486
20010808
20008747
2859
3380
20007662
3506
20012181
5153
20007083
20007812
20011314
20008690
20008957
687
1109
20009080
5195
20011407
20011272
20011328
5341
5331
1890
2146
2127
20009962
20009464
4551
20007434
20010503
20010741
4872
20006701
20012132
531
3483
4866
3448
20008643
20007044
20010238
20007749
20007711
4105
5238
400
3212
4170
5633
4329
20007612
5185
22
639
20007100
20009724
20006273
20006848
20011339
3171
1898
20008974
20011689
20007621
2410
20008701
20006085
1973
5364
5741
20009896
20007737
20010123
2078
20011588
20006822
3602
1358
2892
20011425
3508
13
171
2935
20008274
20006579
4416
20009175
4780
20011347
2660
20011153
20009504
2628
20011202
2081
5416
5934
20010739
1702
5646
20009197
20008388
4402
2019
5799
20007367
1327
20011299
20009904
613
20006827
20011586
20007317
20011737
5997
5419
5970
5245
5289
5940
20009992
20008619
20008120
20006804
595
20010894
20009956
20007919
4294
20008044
20006551
20011894
20008737
20007936
3613
2815
20009592
2742
195
20010891
20009503
20009942
3973
2898
20007386
5615
72
5258
2758
3899
20011624
20011653
20007862
1186
1908
20006360
20006527
2611
1128
20007478
20009728
20006138
4344
20008588
1255
20012100
4073
20008118
6048
5477
20007313
5135
20007350
3755
746
20006824
20009413
20008809
3932
20009396
4293
3261
1761
796
20011508
20008827
20007426
181
20009907
991
20007744
20009685
2361
20009061
879
2721
20010675
5239
5014
20009090
20008597
20009840
4515
20010789
20011422
20007526
20009108
272
20006131
157
802
1568
136
20008333
2788
20009855
20006743
20006553
20009517
20007063
3859
20011526
767
20010026
20008950
20010285
20008095
1823
870
20008768
4630
20009369
138
20006638
3060
20010647
2211
20006594
2734
20007453
20009213
20009000
20010729
1306
20008158
5605
20006869
20006178
20008715
2283
4450
20011435
4667
20006506
5817
20006672
538
1175
20007022
20010470
20011697
1014
4742
729
1105
20010510
5898
1210
20008391
20006121
5746
20011565
20009497
20010654
2428
5643
20008399
993
673
1835
4739
20009025
20010206
3905
5789
789
4365
20010363
5783
4755
20009101
3162
4339
270
20009828
5035
3087
420
20011231
20010561
20007440
20008046
5243
20012126
20011783
20007600
4539
20012048
20010386
20010609
20011905
5727
20010368
1039
20011279
3660
635
20010925
20007497
2746
2340
20009059
20011957
1244
3571
20009057
20007162
3956
20011796
4475
4929
20006615
20008033
20006608
20010121
4053
20008020
1162
20011182
20009747
5831
5541
2508
20012168
20011530
2749
3021
2748
20009063
20007623
391
1209
3674
20007801
5172
4069
3081
20008539
2854
962
20010975
3367
20007869
568
20009633
5528
5086
4463
1640
20009606
3028
20008880
1435
4934
20008824
2422
6025
20006921
20010629
20007141
2417
227
5685
2685
5366
2010
1402
20007571
4327
4126
3230
20009086
976
20008209
1111
180
20006993
4952
5113
4103
20010198
20006119
20007488
4381
20007753
20007874
20006886
20006170
20011271
20007473
5187
20010282
897
5614
20009300
1995
20010120
20008369
20011468
3186
5644
4998
3870
20011124
5249
20007406
1331
20010940
20010672
2558
20009944
4582
20007550
20011891
20009519
3695
20007556
2837
20009882
5098
5720
4785
1283
20012122
20007396
20007269
20006866
20012110
20011915
20006462
4228
1472
20008520
1141
20006939
20011005
20009178
3969
685
2090
2497
229
3989
757
20006480
5822
1369
20009958
20007602
2176
651
20008976
3597
20008420
20008433
3529
20006084
20008664
20012191
5530
20009999
20009268
20012205
20008005
2756
20007499
3285
5494
2045
20011145
5632
20007003
3730
2645
20009642
721
20007459
2517
2964
1582
20007098
4050
922
2680
20008843
5414
20007987
3615
20007524
20009637
20011457
20007763
20009330
864
20009554
20006936
3743
20007786
2863
3836
2313
4762
2165
20008835
315
20009777
2671
20010583
20007345
2021
3901
5837
4023
4986
4115
20011933
20011035
20007144
3817
1423
5864
619
20011300
5467
498
20007930
20010240
20007690
20011321
20006769
20009741
5944
5731
20009716
20011985
4346
20007167
5939
508
5065
20010021
20007549
20009337
5687
2414
696
1916
3335
4741
20011814
20008438
20009161
20010389
1024
20008461
20007725
20007732
20010421
20009277
20006315
20008240
562
5870
845
2501
3008
20010294
4234
20007255
20012131
577
2049
534
5846
20011622
3251
5384
20006129
20009468
5440
20009500
20011267
3776
2112
20006867
3358
4400
2596
20010532
20008501
20007514
5391
331
20006307
20010472
20006381
20011115
20010955
20009895
1728
20009232
20011493
20010434
20007570
20006452
20007471
1239
20011789
1292
20010719
20006240
20008482
656
20011686
20007055
4555
4612
20008206
3822
1688
20006893
20007920
2780
3548
20008817
20010140
20010693
5358
173
1872
20008436
20008913
5572
4677
20010201
3706
20012175
2028
2719
20006875
3933
2641
20011862
1010
20008078
11
20010407
20009283
5144
2242
20008858
4534
20007519
20008247
2133
5052
20006099
20008717
20010828
4938
20011673
20006447
20009914
3452
20011432
5112
5820
20010344
3377
858
20006196
3440
698
20007253
1265
20011872
322
5887
20011889
308
20007805
20006117
5299
20006155
5710
1271
20008758
2148
3295
20007394
20008819
20008586
461
5096
5471
760
20008765
20008984
20007224
5889
20009320
1748
20008178
20011902
5055
4269
1221
5961
20011020
20009156
2524
1405
20007424
741
4494
5937
20011883
726
6
4610
20006174
1119
20011531
20011239
20011291
5758
20010691
20010957
20009225
20008572
20011577
20010659
20009281
20006985
4151
20007705
20007948
20011056
2153
20010896
20009532
20008288
186
4956
5537
1206
20009160
4726
4359
797
5577
1984
20009560
20011960
20011157
3999
1925
20009029
5302
3913
6061
20009978
1917
20010794
20011815
2316
20011485
20007754
20011235
1821
30
20011137
2157
5823
5127
20009399
20010988
20007704
3205
20006110
20008300
20011717
5585
20008709
20011840
3771
5531
20006785
5782
20008418
20009140
20011364
1348
2109
4386
2077
20011311
4853
20006660
1758
20008582
5081
4765
4051
20011842
20010798
20010134
4919
20010242
452
2466
4298
1517
18
3218
1698
5936
1994
20007319
20010175
20006275
20008806
4405
1598
20011140
20006567
16
3874
20008027
20010765
20006622
4816
20011626
20008970
20010810
3801
1527
20006418
20007934
20010161
1836
773
6059
535
20009524
2404
20006162
20009180
20008331
20006711
4000
20009149
20008599
418
351
1873
20006612
1811
2855
20008267
4411
300
20007757
4422
1576
20010032
20011011
20011480
1801
20006589
20010313
4333
20012127
617
20008124
2555
2432
20006378
3012
2420
20011109
713
20010084
2960
20007575
1506
20007568
20011175
4180
20011165
4925
20012060
20010636
20007326
694
1301
5777
3998
52
1885
3618
1842
3447
20007554
20012137
20009779
20007124
3582
20007402
887
20012050
20007360
2400
296
2953
20006439
4052
20009553
20008079
6010
5587
20007758
4632
20009364
20010677
2675
20010585
20011714
506
5964
20006968
20010295
20006596
20011465
313
20011523
20008816
20006671
20007316
2495
20006863
1196
20011731
20008649
20009210
20010606
5897
20006304
2963
4643
362
20011788
4520
20008264
20008670
20009461
3399
4323
20006792
20008554
5760
355
20009069
20010793
20010287
1341
20009113
892
6023
4738
20008131
20006379
20007349
20009492
20012106
299
20009067
668
4809
20008159
20008311
4567
20007507
5818
20011705
20012115
20008728
20006907
627
20011142
20006868
4059
20011097
20010437
20011120
20011387
20006703
20011728
20007290
20011533
20009636
20007094
118
3721
3704
5511
20007642
20007670
2613
20010518
20009718
20011403
20010787
5131
20009259
20007411
5750
4237
5900
20009023
3538
20008370
85
20006647
20008199
264
2601
20006896
20010851
20009046
2193
587
215
20009177
20008252
20008048
20006222
20009513
20011757
20010160
1819
2392
20009132
2475
5975
1809
2866
769
5333
1235
3739
20006840
20006199
1940
2887
1971
20011222
20006811
6057
20007335
20009021
4554
20011882
20007244
20010614
5490
20010758
2088
3521
187
20007472
4989
20006215
2826
4006
58
4507
2739
20012171
20007542
20010374
4542
6015
20007577
20010946
5524
5748
6075
3163
20008452
20008287
20011745
3263
3561
4831
5224
20006970
20009971
20008142
1202
431
20009842
341
20006436
20010326
20006303
20008336
982
1181
3077
20006519
968
20010068
1629
4922
5115
5804
2024
2151
2783
20009297
20009564
5240
20007842
3153
20006266
20011496
20006325
206
4969
20006591
725
2276
20006708
20006327
3026
20009494
20011962
20012007
20010497
2598
20009706
1554
20010058
20007881
2652
3310
2352
20011366
20006116
3099
20008116
20010138
20011521
2926
1828
20009530
20009719
20008204
2412
20006881
20008444
20011667
2381
20009857
20006772
4680
1746
20008496
1126
1081
4569
2669
3064
20006142
20008831
4343
20007254
20006830
2496
20009244
86
20008652
20010949
20006713
20011082
601
4021
1550
1303
20010132
2171
2692
20009759
1705
20010547
439
1483
20007613
20006107
20010100
20006843
1285
2490
287
20011482
20008190
20007557
3180
20011870
20006466
20007150
20007423
20011243
4077
20006238
4686
20011150
5899
20008184
20011119
3390
20008553
20006258
20007866
20012199
20010105
3356
20007803
20008592
20010000
3970
1125
20009976
1477
5021
2736
5784
4491
3567
5218
20007211
20008147
4028
3462
20007976
2849
20006649
20008724
20008093
4691
1617
3327
836
2729
2338
3161
906
2398
20011490
20008908
3361
4689
20007279
2937
20006543
4001
188
20009009
1780
2622
20007828
1324
2994
20011128
20008615
20010587
20010098
5661
1989
2026
2179
1359
20011979
20008839
20011186
941
2099
4144
20011644
20007358
1249
20009923
860
5736
4013
2901
5062
20007808
20006486
20011501
20008294
510
20009136
4916
20009489
590
1744
20008463
20009520
1938
1798
4513
20008936
2095
20010216
20007777
2408
20006088
20009806
20011557
2159
1612
4098
20010815
1431
20009125
3258
4927
354
4391
20011928
20007183
5177
20008812
1173
5242
4399
20007878
20010304
20006655
20009173
1992
5209
1281
20007117
20011804
4090
20009275
20010010
3939
2055
20011637
20010680
20011507
20007016
20010727
20006341
162
4589
645
20011632
20008193
20010342
20008180
4356
20009644
20009476
468
4473
20007168
20010820
4427
20006858
20010707
496
20011448
20010499
763
20008216
623
20006226
4239
5574
20010572
20011343
5142
20006545
20006807
20006367
20011722
20010530
20008318
1035
1321
5990
2419
20011374
5234
5523
20011446
4276
3098
3790
20011211
20010037
20008665
20010871
20009139
20010545
20010858
20006440
4403
788
1921
20011690
4112
20008563
20008854
441
3504
20010631
20008525
20011108
4185
20006718
20008392
20008427
5393
5665
20010334
20007765
4940
4290
5609
5943
20009703
489
20007834
3843
20011148
607
1000
20008173
1839
20009732
2779
735
20009861
4848
3562
20011207
20009167
20007810
20006135
692
3209
1469
20010567
466
20008404
20007636
4007
20008792
4424
20006918
1264
573
2790
20008614
20006256
4178
20011066
20010966
20010250
20006789
3181
2726
20007194
20011325
493
20009405
3062
5895
1796
20007026
2186
6012
20006457
20006728
20007077
2594
20008590
3711
1426
20007818
1778
90
20011514
5616
20007521
20011126
3612
715
20008071
20009689
4743
20009473
5874
4254
20010539
3738
20006561
20006346
4790
20010455
3332
4435
1193
2519
1121
2740
1532
5157
20010336
20010448
4423
3731
20011504
20006664
20011265
2248
20010893
20010083
20007066
20006286
20006242
20006828
20011276
20008859
20010324
3240
20009049
20007962
20011046
5294
810
1523
5257
20010660
2220
1375
5690
3283
3235
20007551
20008394
20006572
20009134
3654
2342
20012144
1660
4015
3360
32
20011438
20011991
20006410
3345
20011775
2074
20008328
514
4135
1573
4243
2547
5828
20009989
5233
20008989
20007695
20011463
3678
20008169
20010785
5354
20011844
20011693
20006898
444
5701
2358
5773
20011658
5914
20008944
20008872
2299
20012088
20008139
20010864
20006482
20007632
1793
20007605
3112
4328
693
2202
20011917
20010487
1178
5147
4576
20007413
20007170
4439
20008589
20007716
4279
5103
20006176
20010608
235
20007462
20006581
3773
5411
609
2208
3410
20010884
6036
20007630
20011470
20011246
3194
20008014
20011395
20012112
3135
3607
5779
1659
449
4042
3823
1720
20009506
1825
20009015
2377
5559
1198
20008409
159
20006947
20009308
1080
2747
20010081
5148
5292
598
4478
20011798
20009599
20006650
4503
20010837
20008064
4771
20009722
20008041
20010131
20009386
2097
20006363
94
20007548
3935
20010947
4027
20006715
459
1782
20011536
20008277
4985
1997
3006
20010315
2577
20008451
4177
20009288
3980
20010924
20009654
3334
20008292
20011316
3875
20011502
4066
1229
20010365
20006508
20011309
20007248
5734
4800
3371
5950
20007579
20011648
20011677
20010233
20009714
910
3479
2051
20008899
20011636
20011930
20010834
20011919
12
2441
2462
20006620
20007895
20007436
1910
20006166
2030
5569
3085
4211
20007000
20007840
3628
822
1001
20010986
20010668
333
20010318
20010145
20011665
20008905
5908
665
20010322
20008727
20010937
3203
20011368
20011429
2954
20007700
20008080
5011
4038
20009878
5056
6033
4918
5412
3245
20011556
1029
20009220
20010174
834
20008907
5768
5104
2923
1280
20010015
481
20009030
4991
20011184
3304
20006556
2274
20010113
3937
20011854
20007129
3925
236
1673
24
394
20007831
20008878
3071
1355
426
5349
3781
20006165
20010827
4861
1614
2272
4580
20010399
20008971
20007734
20006213
20011951
2832
20007341
20009551
4407
20011669
20007374
1794
20008850
4317
2166
1669
20011573
20008091
20012183
4047
20006600
576
20006666
3842
20010246
4700
1462
20007020
3114
20009887
20009426
20010330
20011817
5204
20009390
4793
20008001
3308
20011990
20011890
20010340
20007701
20009943
1682
2096
20011255
20009868
2080
4540
20011326
20007093
146
20007668
20010803
2512
20009556
20007089
20011456
1401
5230
731
4169
1027
20008700
5567
20010658
20009128
20010392
4209
5987
20007228
20009615
4165
3134
20006717
20008947
20006282
20006265
3430
20012187
20010173
20007863
20008552
20007221
4074
4814
20008335
20011007
20009808
1107
20011389
1948
20011865
117
5023
20008909
2559
4913
20007752
20010400
20008058
20008429
2191
3274
20007783
1672
5669
20006779
20009419
2907
20011825
20006479
20008942
3942
20011545
4471
851
20009093
1664
20011351
20011203
20006394
1563
3216
3649
20007698
20009946
6038
20012163
20011879
37
20011764
1641
20006667
20012020
20006528
6008
3844
5129
20012094
20006297
20009367
20009653
20009681
20007937
20008980
20008504
1345
4044
20010355
2427
20007616
5485
756
4106
3547
1534
1066
20010214
1787
4578
20006610
20007418
5793
4531
5849
20006676
4118
20007631
20011134
2476
20011442
20009215
5675
2465
41
20007540
20011938
4710
3748
5835
806
20010962
128
1603
20011727
3002
20012189
20007201
3123
4499
1117
5158
20010362
20010333
4371
1784
20010281
5191
5708
5088
20012079
5310
6072
3759
20008498
4079
20006212
5076
1632
20006838
765
1016
20009089
5681
20011167
20006230
1850
20009580
5222
20012165
20006204
20009004
2460
2314
4740
4235
269
20009474
5841
5884
4120
20007825
20007135
5924
5999
20009317
20010541
20010165
4430
20008889
20010574
5693
4271
20008188
20009264
20011344
20011200
3667
20006334
20008099
4679
913
5059
20009104
5462
20011554
20008237
3797
5607
20006343
4321
4068
3546
2111
5621
20007693
20009809
678
20011603
5771
20008994
3157
20009739
199
4417
20008731
3834
1991
20007187
20009965
20006388
20009753
20010477
20009058
20010576
20010764
20006332
20007312
20006292
1896
20009433
20010028
2639
20011330
3847
20006201
20007534
1497
5169
20009110
20011297
5599
3001
20007075
927
20008998
3106
20010163
20006504
20009224
20010746
20011730
6003
3978
20008557
20009432
20009801
20011008
20009961
20011308
6064
20009932
2804
2071
4912
20006900
5753
2346
1068
2094
20009236
3032
20011859
20007131
20010555
20007451
20007959
486
184
5101
20010973
20007006
5919
20008310
5851
4362
4703
20012027
20011382
5699
20008352
20011135
908
120
20007105
20009986
20006295
20010054
20008836
5069
5458
20008362
20009137
1149
6017
2891
3464
20011257
20009398
20009380
5998
20009373
20007539
1831
20009950
6041
20010310
20011302
20011795
1320
4993
20010684
2942
20009940
2523
20007380
20011600
3938
2386
20011703
20011772
643
5449
68
4901
4366
3805
2668
2880
20008366
3775
20011989
3592
5717
1690
2777
20011350
20009578
20007031
2737
20010150
5504
20010997
20011551
20007846
2618
20011956
3803
2333
20010867
20007715
2834
1135
5836
20010405
1900
3058
2663
1751
20009967
5000
20012066
4367
20008881
2351
2452
20010462
20007564
589
20007445
5476
479
110
20006755
20010551
6062
20007352
4174
20010879
2247
20008340
20008925
2950
3319
20011012
20009501
2661
20009526
584
20008258
20009131
3729
20008051
1298
447
375
5430
1741
1553
5878
20007275
20012149
20009078
4200
1923
20006090
20010284
4895
5571
3846
20008210
2619
719
5882
3415
20006602
20008500
4302
2394
2063
5227
3100
4826
1851
20011334
3574
20010423
5037
20010759
20010744
5498
5556
4706
585
20008523
20007780
20008447
1510
2687
4241
20008661
824
3331
20008730
4987
3057
20006781
4845
81
20007400
20011656
20010900
20009458
20008608
5752
5931
20008610
1500
20011288
633
2143
20008892
20011812
20008002
4655
1075
306
20010272
5780
771
20006096
2643
4205
4708
20010996
2705
1026
20011173
4903
2775
2251
5555
20010593
20011875
2034
4089
4561
4863
20006510
3302
4735
4214
2513
6032
20010485
3625
5265
20010596
3716
20010713
291
4
20006720
5379
20006167
2222
20010391
2140
462
20011864
987
5815
193
3569
4212
5145
2515
20010122
20008475
20010357
473
4661
279
1986
20007369
4442
20007138
20011601
5827
20008488
1586
20008003
20006821
5965
3279
20009150
5856
20007967
20009266
20010812
20007029
20007659
20010433
2763
20011959
20010135
20007528
20009720
6068
165
20008542
20007646
20008772
1053
20007307
5597
2240
20010077
6055
20009885
20008640
20007913
20007375
4627
1581
20011847
1924
20007666
20011113
1403
1170
20011209
20008883
20008122
1692
4960
20007337
20007454
20008010
20006148
20006588
20006842
20008916
3354
158
20010983
917
4335
5259
2155
20008756
4352
20010436
20006669
3710
1064
57
3408
20011855
20009208
357
5981
2996
20008015
3232
5126
1460
5551
20006959
20011418
4602
3073
919
1489
3139
20009495
2861
20006467
4016
20007854
3558
2814
2623
5486
1571
1905
20009731
20009135
20010969
20010579
1480
20011912
1018
3013
5441
20008308
20007446
4373
3753
3928
20010319
5974
3838
5007
902
615
25
20010559
20010616
1382
20007907
20007809
20010094
20008847
527
20009295
20009126
89
20010260
20006387
20007957
20007939
3672
20011845
2200
3128
20010621
1052
20007096
3861
3814
1237
20006835
4413
20009043
20006492
743
20011415
20009768
3632
20011702
20008915
754
20008887
20007027
6034
3983
4288
20007638
20010424
1694
20011481
20009429
2310
368
20007004
20010855
2473
1086
20010202
2885
1373
20007555
20009343
4759
20008594
2169
20012154
20010702
5969
3807
20006753
20010640
5588
2550
20010501
5267
20007953
20009822
3767
20008060
20011062
20006621
2036
20009410
2561
20007530
4011
4326
1200
20011370
20010686
20010023
20006163
5800
1310
20008061
679
3130
1724
1643
20007558
20011208
20011341
2503
3605
2256
1738
20011379
20009051
20006723
20007703
20010920
20008890
20006516
5330
4480
5500
1883
5844
1082
20008245
752
1983
20007163
2008
20011354
20008024
1059
20007848
20008088
20006569
4594
20009202
328
20010115
1311
20006320
3442
20009704
2896
20010806
20008794
20008090
20008034
20010053
2297
5653
1397
20011766
20008568
2492
856
2868
5860
20011657
20007288
2236
20007465
20008138
20011503
49
20010377
4141
20008804
1775
20009734
3416
20006712
20008531
20011028
4136
1393
3691
20009589
20011711
20010994
20011584
2403
2336
20008761
1718
20008548
4476
20007956
3053
4678
20007011
20008439
20007090
20007897
5507
20009169
20010841
20011101
5757
20011172
20009545
20009319
20012090
20006640
20006844
1683
20009298
3238
20008556
421
20010460
4974
3537
819
20007915
20008973
20009858
20012174
2822
20011473
5858
20011963
20008861
904
281
1930
435
20007199
3855
20007770
5584
20010880
20008123
20006409
20011849
20006809
20008935
109
20007553
20006493
1936
5149
20011081
20010236
1959
2405
1323
4973
5482
1656
20011194
4218
20006192
20008164
5979
3169
4319
20006150
20011967
20011540
559
671
20006765
401
20007458
20008425
20008422
20009042
20011977
20010004
20011851
20010717
20008930
854
321
1152
2293
1844
3953
3684
20007817
3196
545
2796
20009440
2442
20008232
20008406
512
20012015
3580
5438
20008603
20007836
20007760
20006629
20006261
20008952
2163
2894
20008469
20009656
20010080
3389
3005
20009576
20008678
20009262
4577
1585
20009075
20011547
2738
20006730
20006169
20010601
20011630
1584
4109
4139
4838
20009804
2653
2991
1146
20012009
3207
4129
20006780
20006177
984
4266
20008380
20011946
841
20009915
20011411
20007742
1874
1739
20008467
20010875
3700
2122
20011306
20011086
3586
3107
20006372
20010509
20008559
2735
3853
20009493
20008477
20008541
20007260
20007598
20011910
20008428
2875
20011274
20006690
4179
3042
20008314
2425
2968
20006130
20010008
20010914
2270
20009229
20010205
20012084
20007265
3694
20009597
487
20011741
1353
1456
5473
20007040
20009797
20007651
863
20009290
20007911
204
20009770
2906
20008348
20009787
20011143
20008823
1763
3766
1653
5121
20008602
20012117
3249
5027
1747
20008515
2697
5932
20006963
5219
20008551
4729
20008673
20009515
2883
20006645
20009886
2009
4260
2454
20009867
5766
1703
20007652
2506
20009490
5401
1115
2529
20009621
20009117
4579
4055
3183
20011729
20008281
20010678
38
20010856
4199
20006798
20012211
20007767
337
20006696
2253
20009748
914
20010289
2666
1729
20008042
6031
20008280
20009270
4183
5668
3090
3487
4731
20011838
20009242
2997
2243
20009795
20009652
20007594
557
1651
20011675
20006749
20006981
20006444
20010708
20006787
20011594
20009921
20010564
3190
20010869
4204
20008354
5335
20010151
20006460
20007218
20007601
3381
2864
2365
6050
20009534
20008683
20007566
125
20009521
1963
3491
5087
2843
20006924
1045
20006146
2219
4040
20008760
1011
20009629
20012160
4923
20009252
525
1604
3315
20011258
20008725
20008171
3404
20007769
740
20006082
20011519
20012156
612
494
20010887
20007272
20011833
2130
20011138
5221
688
1666
6005
4147
20007649
20010051
20009588
5019
20008681
20011983
674
4350
2695
20010589
1596
20008672
20010045
1619
4598
20011987
20007505
6029
1137
20009987
20010003
20009647
3278
20006414
5562
1077
5071
6070
1542
352
2320
4802
20006631
2946
5290
4803
20011755
2177
3863
2068
20012185
4947
5407
20011260
20011734
20006473
1092
3841
20006665
20008846
20012166
20007239
20011166
3832
20008893
20008620
20011635
20008644
20009171
20009995
2183
4207
20011684
1267
20007421
20008838
3027
1919
5962
3551
5428
20010079
2147
20007952
20006757
5079
3703
20011133
20010483
20007408
20008712
20010490
20010941
2845
5307
20009695
20008516
20006945
3636
844
1145
20006288
1674
20011036
4629
2411
4153
1316
4760
20006940
20011720
20009084
20010599
20011052
20011089
5547
20006236
3270
606
20006182
20008573
5973
1084
2589
20006691
20006489
5885
20008645
20010244
20011459
20012086
2033
20010513
20010721
5114
20006446
1493
20008066
3030
20007327
366
4694
20006358
20007813
20009038
4958
2767
20006324
5323
4192
20006124
20011218
4284
1752
1646
4436
20009350
4348
20007766
4822
149
20006658
1157
20010379
20011319
20009856
5137
3566
20006080
20007425
20011324
5921
1049
2966
4437
4273
20007954
2057
20008069
1951
20008471
4701
2851
20011092
3136
2564
20012155
641
3125
20008832
3770
122
2566
5275
20010816
3868
20009993
5802
152
5013
104
2488
20011412
20010650
1486
3259
20008903
20009793
5656
20008110
3931
20006913
20011064
20007013
5124
20011835
20006535
5125
2250
1184
20010301
4408
3428
20011050
4094
6006
1611
20007389
20012103
20007928
20006643
20009675
20011953
20009729
20009829
5061
1868
5455
20007633
5775
20009010
20007116
6047
20011237
20008680
20010075
2976
20006239
20010126
20006095
3502
20009014
20009631
2477
20007740
5553
5582
20009609
20008031
4879
2657
20008389
3511
20007047
20008226
20011201
5649
20006246
5960
20009222
20009286
20010440
20008208
4670
20010346
4937
5022
1686
5161
5502
20006733
20008317
20009844
2216
4206
20010728
20010762
2439
1574
20011250
20007560
20006738
3219
20009710
20009970
6001
3165
2568
1677
20011931
1407
4840
20006675
682
699
20011317
549
20010866
20011655
2062
20011969
20006114
20011152
5744
5764
20008357
241
20011652
20007723
20009303
4574
6027
20006580
5833
2311
2944
5743
5847
748
20010066
1530
60
3373
20012173
2485
5769
4705
20007415
20007512
20008022
20010591
20010071
20009990
20009924
2631
4253
5983
20007827
20010488
358
20007992
20011111
947
20008675
20007456
2120
733
20006570
20006526
5002
20008875
20007302
1160
945
3350
20008743
3857
2330
20007364
1538
20006852
178
20011436
20012180
20008163
5529
20006592
5385
6039
3794
20008544
1855
20006158
4509
20010655
20006232
3049
2801
2114
20008786
20008006
4581
3244
20007282
5558
5709
5317
2580
20010398
1578
20012209
3593
20010898
4850
20010450
1257
4769
20012104
1410
4619
20010752
20010376
43
4614
849
20009119
20010877
20009894
3115
925
20008359
5904
5714
20010223
20006625
4978
3722
20007442
3146
20011736
20011179
275
592
20010109
1621
20009007
20007893
20010778
20008596
20007918
5281
20009725
4210
436
20011348
2296
20007189
20008312
3653
5590
20010531
20007923
20008035
20010086
20010255
20008527
20009683
20008128
2105
4712
20010873
3524
3573
3576
437
5706
20011893
20011320
1475
382
500
5045
20009246
20007977
20011477
2086
20007204
20007492
20012033
93
20011528
20008272
1134
4263
20007333
20010780
20010743
1965
5452
20008663
20008546
2015
20009267
20011002
4868
20008403
3631
653
20010017
20012054
20007329
20009449
2952
2362
20011885
20011304
20011312
2962
20006299
62
20006244
5638
2269
20007999
1246
2806
5409
20011414
161
20011627
3519
5988
107
669
2932
20007102
20011204
20009662
20006677
20006126
5863
6043
124
20010393
20010676
3509
20006401
20010291
20008810
1365
20010967
20008616
5692
20011070
20011352
3871
377
20007730
20010943
2318
20006926
6078
20007259
1899
3760
3512
20007656
2606
4398
5210
20011881
20012114
20010706
20008092
20011409
1012
20010754
1849
1981
5343
5725
3276
20006271
20007226
20007475
20009056
20011941
20010183
20006354
20008540
4397
20009382
20010446
3734
4046
20006862
20009870
3996
20008490
5496
3634
20011994
4162
600
20010231
4191
20010605
20006598
20008931
1807
20009927
2244
5029
5912
5926
302
20009383
20010632
1478
20006816
20007219
20007921
537
5197
20006123
20010095
5751
2711
1289
20012068
20009394
4258
20007034
3724
20009881
20007515
20008844
2368
4031
1638
20007161
20011159
20008703
4565
3785
1557
20010885
20009452
4244
20009321
20009865
20008753
3623
3828
3825
147
20010464
20009507
20011532
20011199
20007664
20007246
4836
4711
20008449
20006514
20011253
20007495
5083
4874
20009900
20010652
284
20008710
20006313
20011384
4286
20008215
20009408
20011217
3474
3339
20007054
2172
4801
5580
2587
20010019
20007126
3689
20009799
20007590
20007295
2016
20006349
20007178
4652
20007284
1594
20007042
3603
4029
954
3495
20010859
5171
4195
20006103
1507
5247
1696
20008286
2938
20006280
2499
1626
20006441
2118
1947
20010085
20009796
5328
20008876
20011954
4905
20011346
2295
20008238
20011900
20008244
5273
20011965
5044
4493
20006355
20010108
3086
3084
20007572
20009088
20011195
4433
20010850
20010958
20009335
20006144
3341
978
3742
4648
1453
4415
5929
20006301
3
4231
20010192
20007068
2285
5375
20007338
3178
133
20006477
649
20011263
3949
20006777
20009486
2029
5271
20010642
3849
4187
20006554
20011827
2627
20006627
20007850
20012018
5916
20006635
1159
4674
5755
1792
3095
20006796
20008103
20011709
20007859
20006455
3069
20012177
2430
20007245
20010972
4557
20008684
4482
20009659
20008865
3144
20006426
20012074
20007324
4954
898
20010553
20010101
20011030
586
5749
5235
20008434
20011971
20010453
1858
3557
4146
20009863
20006112
20010645
20007998
3281
20011559
20011780
20009121
2615
2800
2391
20008167
20012078
5432
20006929
1445
20009189
5179
5679
4587
20011105
4375
20010563
5199
5513
20007586
3941
20010756
4261
5389
20007052
20009834
2810
847
20006794
20008283
20010905
20010917
20011608
20006813
20008155
2802
20007339
20007018
20008529
373
20007285
20011191
5213
20011803
20011181
3914
5160
20009785
20011212
164
20010118
20006270
20007383
20008386
20007314
812
20010064
20006614
20010620
20008297
4387
491
20012124
3082
469
5377
2913
20009438
1148
4472
20006833
540
20010950
2245
20009416
20009273
20010127
20010218
20010768
2005
20006994
3811
106
304
5352
20011213
5492
20006805
20011022
20008687
2812
4154
20009830
20011752
794
1079
20008633
4307
1091
3397
20006895
20011805
1495
20010697
4753
114
5107
20009346
20010184
20006954
20007994
20011747
5630
5946
881
20009738
2610
4428
20006437
20011982
1153
20011762
2335
1709
826
1096
20006680
2778
20007262
2379
20006930
20011357
3757
20009860
20010158
20008457
20008285
1444
1861
20008780
5325
2238
20007280
4019
1060
631
3658
4315
20007517
20008776
2635
20007457
20007860
5208
2083
20011524
20006599
20008685
3584
20011797
916
2468
4065
2443
3587
20010919
1254
20011434
2992
20010527
99
20011045
20009002
386
20010618
2760
20009358
20008561
5382
1731
1714
5266
556
20010976
20011614
20009582
330
2702
5322
20011802
2129
3325
20008955
3991
20010112
20007371
1266
3967
952
2989
20011810
1351
20009375
20008040
3075
2007
2930
20006601
20010819
5175
20011993
1618
20007050
2993
20010557
20011629
4440
1409
4665
1247
4071
20006668
3323
3110
751
3120
3201
1130
523
2543
20008506
4796
20007237
20007159
20009853
5762
4330
570
5293
2541
20009123
3568
4812
5318
2014
2060
3923
2728
20011087
20008102
1961
3665
20008538
223
20008320
924
20009112
20010299
2703
20011095
20006100
2357
20007973
20010944
20011215
5696
20008966
3713
20011401
3192
4392
20011295
5381
4518
20009261
3531
20008353
20010358
20009980
2818
20006637
20007007
20009256
20007618
20009091
718
20012098
4617
20010312
3091
4747
1607
20012032
20010457
4431
20010486
5353
77
1177
20009658
20007125
2110
20008870
20008933
20006652
4541
20010908
3265
20007366
5418
3292
20007206
2842
20008821
1336
363
2321
1278
20011858
3365
20006322
20009833
1088
4133
5795
349
4361
20008077
1591
20008371
20011998
20007942
20010347
20010137
20007467
3791
20011742
5790
20008021
20006352
3885
1785
20009767
20007891
20010882
20006557
1003
20010569
1042
20006549
20008924
20009968
5042
3226
20007640
5786
20009463
966
20009803
1624
20007844
4782
20008606
20007969
20008416
2064
20009522
20006374
20006979
20007608
5031
20006566
504
4622
20009540
3784
20006186
20006450
20011058
20011116
20009499
2446
1927
20012016
3799
20008107
2471
4092
20009355
20011549
20008650
217
20012119
20007498
3536
20011716
4533
20006686
20011455
3220
20007674
1887
20010234
4896
3813
20007510
936
4337
3414
20007404
2544
20011974
20010725
20010960
20008963
20010220
20011251
2588
20009012
20009353
2985
2116
20009872
2393
66
528
3329
2546
1208
20008373
20006147
20010162
2712
4773
20011517
5339
4695
20012045
20006337
20006836
1655
1960
5636
1561
4650
811
20010103
4251
1488
5004
1750
5156
3697
20008852
2374
4552
1867
20009975
5073
20010429
20007955
20009815
20010186
20008691
20010372
2367
20008411
3147
1876
4883
20009451
1467
20008136
480
6044
20008642
414
1150
3014
4967
20011944
20010073
20011768
103
20007833
3518
20011784
20011581
20006423
20009682
20010628
20006741
1848
20008965
20010350
20010070
20007795
4646
2510
450
20007800
410
1637
2458
3312
3088
3750
465
20008149
20006252
20006583
20010204
20009466
2160
2919
131
20009378
20010543
20009368
20011836
20007900
20010038
20007901
20011807
20010177
1799
20010733
2821
20011567
20007981
20011269
4017
4995
779
20011852
20011590
20006839
1021
1521
990
1241
4818
20012097
2106
1634
1214
1380
1131
1545
20009359
20010663
20011643
20008125
4980
20009036
20007614
20010320
20007300
20006800
20009698
20006385
3022
20007903
2423
20010047
20010190
1005
5167
20011612
20009918
427
20006751
20012134
4942
2359
4519
2811
1774
5181
20010791
3445
20009326
20011750
2464
1841
2039
20007057
5683
20011206
1187
3031
3741
20009619
20010061
6074
20008462
4116
934
20011090
20006684
3921
20010692
389
20010822
2990
20009470
5041
2215
20010253
253
20010269
20010167
532
1759
20010862
208
20009549
5619
20011903
1167
20011743
20006917
2916
2507
20011377
2549
20008166
3436
20008834
20007085
20011791
1022
1725
1716
3187
20011331
1803
20009571
20011131
20006428
2349
5370
20011920
20008721
20009388
3816
4443
3296
2714
3434
20009755
20009697
20007736
20008086
637
2761
5955
20009403
4461
2069
20010188
5435
5545
20006577
20011955
20009430
20007745
20010248
1817
20009623
2521
445
2940
20007509
20008841
3104
20012169
443
2873
20009544
20007483
2532
4164
5495
5869
20009916
20011929
4161
3132
20011122
20007443
20010419
20006812
1182
1094
4232
20012082
20011441
20006729
20010480
20009663
1260
1454
1037
1615
20006224
20008774
20011561
3210
20010699
5470
555
5579
20007797
4100
3338
429
20009547
274
20010406
1700
20007886
20010779
2196
938
20006871
20006739
5694
4410
1609
1441
20011640
20009018
1139
20008326
20010549
832
5506
20011534
3096
4992
20007683
20008783
4374
2634
3129
804
20006563
1418
20010623
20007177
20006967
3845
5183
2980
20007209
20009407
5122
4893
78
3172
3070
20006362
20011391
20006538
3467
20009772
403
130
163
398
20010953
20006284
2415
1764
20006152
4497
3693
3255
20008580
20009783
20007133
5871
4522
20008306
4425
1863
20010514
5190
5738
20012121
20007950
4277
4881
20008039
20007857
20006986
20007909
1204
20007388
20007751
707
20011372
5329
4964
20011724
20011155
572
2046
20010251
3372
20009687
3688
6046
20010293
1332
14
20009185
20006369
542
20006311
20009838
2307
20008565
20006957
20009701
2791
2264
2438
20012153
20008361
20010043
5395
4296
4590
3927
20011495
20009594
4025
4312
20010498
20011488
20010146
20006884
20008029
20007222
4510
2168
5867
20008379
20007092
20010533
20009760
20009750
701
2161
2609
20012140
2447
2536
4791
1308
5436
20011462
20006604
360
3102
5049
949
4501
20011975
20009271
20012195
9
1166
20008063
4596
20006762
20008175
20007876
20010211
20009351
20008584
75
4544
20010770
20006525
5039
20009591
4102
20006999
20006552
20007079
20006517
2486
20011289
20011751
20011286
878
20012138
20008624
20010156
6013
2327
3608
20012108
5532
20006248
20007087
20011385
20008127
2690
20007681
20008220
20009933
20006633
20009586
20011633
20006832
3301
4220
20007562
202
20009340
3600
20011761
799
579
20010328
20010730
20008177
5356
20010481
5446
20009859
113
20006371
5911
20009054
381
20008969
20009898
2150
2305
2787
20012029
405
20006949
20010262
20007001
1227
20009293
20006425
5664
912
2267
5080
20011360
3553
3616
20010595
4653
20009596
4004
70
994
20006487
5902
20012092
20008948
20010783
20008355
127
20011024
20012070
20009465
20009854
20008499
20010929
20009634
509
4246
2878
3411
20009247
5481
20007152
20009230
2910
20007233
20008714
2581
4588
20007898
20008440
20006465
20008265
20009334
20012046
20010411
2233
5457
20007294
20007494
3418
20007154
20008617
20007779
5303
20007190
20011691
20006405
20
20007578
5402
20006542
28
20008375
20009693
20006220
5312
2917
20011169
4716
2043
2199
20012095
20008631
282
20012062
5460
5698
4265
5420
3093
20008195
522
6076
47
20007229
20011598
4837
4854
2375
20009118
5625
3149
2882
3687
1028
20010932
5722
378
20006390
20010277
2317
5048
20009625
2569
20007719
20007696
3821
4341
371
20011583
3744
20008802
1322
2948
20007988
5626
647
20010802
20012080
20008140
20011638
1999
20007238
998
20011542
20008825
3877
20011075
20008623
20010848
20009852
1273
20008993
20007789
20007707
20011887
20012201
5813
380
20008788
737
20009569
4224
1840
2876
20006974
214
20009235
3959
20011698
3515
20008919
2185
84
20009013
5549
196
543
5119
723
20012151
4310
20010129
20011244
20011964
20009566
20007180
2599
1034
5852
3826
2647
1833
4936
20007103
1378
455
20011337
2586
413
3402
409
1901
20007384
20009442
20006726
20006851
3407
20010474
2828
20006359
20011647
6002
20009005
20009813
4634
20007589
2710
20007852
1505
2700
20010831
20009584
3725
1172
20009817
20006706
20010844
20008085
20008248
20009984
464
20006902
2922
4699
20011973
4034
4547
1770
20010511
20008745
20008413
20007654
20008202
20007790
20008735
5787
20010726
20011193
20006877
1958
20008227
20011417
4637
931
4418
1667
5367
3368
20008108
4820
20009422
396
20011397
20009721
20008901
5231
20009129
664
20010049
4690
4907
33
2819
20011000
20012056
655
3458
5445
20009866
5216
20007971
20008648
1169
1515
4122
20007072
294
20008763
4875
20008767
20009065
20009102
3405
4640
20010018
5226
3626
5110
3610
5732
20010441
238
20012200
20011505
20007308
20010144
20006682
20009147
20011084
20010682
20010194
20011177
1933
2936
2141
5667
20009279
5673
20009152
3560
27
3481
5102
2528
1543
20011926
20009850
1144
35
20007267
20011013
1491
1055
1559
4858
20007292
20006431
1555
2572
2604
20007048
20007794
5515
3673
1569
20010263
5658
20011510
5050
20007261
5251
20011014
3647
2282
3920
4465
20008653
20011363
20007686
547
20009206
20007264
20009832
20006344
792
5399
20006347
20006760
2753
20008073
20007925
5139
221
20006966
3432
2448
4063
1854
3669
20009106
20007527
2174
3890
20010013
3544
20008996
2227
4778
20007122
3981
20008114
4681
20011831
2429
5075
20007322
5952
5033
20011599
20006289
20010763
5426
5321
4657
317
20011439
20007782
20007353
20006607
20006624
684
3313
20011041
20011760
20006211
20006548
20007882
20007070
4124
20010409
4584
20007788
20010229
3317
20010784
5535
20007185
20011621
5866
5465
5716
5875
5090
20010414
20006586
20008888
2673
5967
20011713
4354
4745
2629
20008512
20008076
843
20009371
1838
3787
4885
5985
20007311
20009384
20010366
3290
3224
5100
20007235
20011010
1735
1631
4910
4104
20009766
5483
20007677
20007870
20008458
292
20009705
502
1464
2656
1903
3375
20011522
1931
20007256
20010298
20009191
20007107
1361
808
20006952
20008269
20009165
20010709
4805
3038
2482
1777
3718
1429
20010024
20010737
20006846
20009536
3903
20008671
112
2213
20012004
3003
3589
20012102
4225
650
1293
20008460
3680
5095
20008521
603
5806
20007108
20007729
20011679
3733
4749
20011187
3819
20010842
20008829
4453
20006759
2101
5951
6019
175
20006767
20008885
20011076
20009301
20011358
20010114
20012143
74
786
82
20006416
2370
1296
20006329
4033
20010825
5117
20006300
20006260
4363
3656
20006732
20011778
868
20010413
1662
20009153
5540
5130
2221
20009953
3456
20010981
20006231
20008741
20009559
20009417
2479
1347
5862
20009996
20007277
20011924
20008621
5188
20009099
1906
1288
1366
20008638
1707
4300
1223
3606
20011491
20006880
20007676
5886
1498
20011701
20008918
4167
20008782
3253
20011180
20006878
20010519
20006102
257
2234
20011355
2983
1300
20010196
1754
4530
20009047
20011107
2100
20008218
20007146
20011707
3543
20012059
20009839
3916
3423
4314
20011923
20009448
20006574
5958
347
20007172
20006398
20006873
20008250
20006484
20007148
20012178
53
20010383
20008338
20011060
20009864
3839
20010695
1295
782
2970
20011927
5469
2890
20008481
20006137
20008304
2744
2620
20011553
4484
20007430
6053
2590
20007450
20011479
20012207
1627
20009307
20011400
20011617
5623
20010401
5993
20010093
20008921
20008494
2079
583
20008598
20012064
20009638
20006476
20008473
20007983
2718
2730
2838
20008897
20009893
1565
20006745
20009691
20009879
1473
4222
20009823
20009736
20010128
2355
20008795
2347
20006376
2649
2204
20007387
6049
4558
2571
20010449
20006353
4527
2534
20006850
5173
20008800
20007139
20010154
5660
3116
20006458
20011892
20011773
5792
20006264
20010977
2303
20007372
20006217
20007236
20006541
2470
2331
20010124
2576
20006459
20009482
2325
1988
5552
1231
20010750
97
20007673
20006958
20006185
20009076
20006468
365
359
2103
20009949
20009874
20006412
5451
20007657
20006853
1580
20010665
20009562
5575
20010840
1726
20008575
2164
657
5296
20010959
20011224
5893
20008189
411
1949
20009650
56
20008659
2132
20010715
1680
20009154
5278
3048
20010902
5724
20012203
3242
20009447
20010444
3963
20011163
608
2677
2751
20011079
2263
517
4193
1502
1935
814
20012006
20008221
20006375
20010627
88
20011782
3643
4751
20010431
2667
4692
20010814
20007156
20008019
20007357
20008667
1008
20010938
2608
20011596
20010918
4137
20010767
20008161
20010189
4309
2579
5297
20010577
4216
20011088
20009217
20008144
2218
1650
92
3621
20007626
20010416
518
105
3961
20010597
20008733
20006855
1781
20009617
20006531
20010723
1171
5928
5879
20006098
20008991
20006524
20008259
5740
20009238
370
1732
20007059
20010653
2231
20011228
20009601
20008627
20007119
20007111
20011240
3639
20006564
4240
3493
154
20009613
3349
1514
20009627
20006326
950
3156
20011610
20006774
5368
20009203
3419
311
4389
416
2138
3994
3471
20007680
20007481
20007689
20012129
20007286
4010
20009875
20008863
73
4171
846
20011487
20007304
4859
20010258
1439
20006802
20006978
5663
20010381
20007310
5618
20008234
20010833
20008961
20011467
20010568
20007332
20007318
20007501
3250
1882
3138
3476
20009163
1312
3067
20010888
20007470
20007390
5308
141
3889
2396
6077
4832
2053
5677
20009401
20011886
20007864
20009660
20008805
20007661
20008026
20007820
20011695
2483
20011068
4357
2793
408
20008856
20007688
958
20010349
20008567
2903
4949
20009034
20006395
20011543
20007890
20008302
20007014
5151
4645
20010076
20007522
20011197
20010626
883
20009909
20010226
1893
20006888
20007951
2189
20007393
20009498
20008299
20009666
79
4549
0
3793
20010087
3257
1552
20006688
5982
2041
20010116
3740
20006214
1262
20010207
20008397
20009366
20011671
995
20010521
20007484
20006203
20010002
20007114
939
20011680
20006587
20011048
20008097
2032
20012013
1371
4008
20011853
20010670
20006995
2871
20007591
4676
20007875
20011619
20009304
4447
3010
20008323
1317
20008474
20010525
20011061
4524
4573
2281
4095
2902
5488
4603
20006674
1795
3590
20006719
20008105
2809
739
20008867
4181
2344
20008676
20011033
809
2481
3685
5520
5421
20012076
20006366
20012159
20007476
26
3044
4641
20006619
5164
1179
20007482
20010308
20008253
20008612
20006547
20011484
20010422
20008492
20009502
20008407
964
3485
5628
20011494
5712
20007747
5272
1657
20011190
20010818
2180
20008230
4559
2022
20007926
20011538
2289
2640
2664
20010748
4976
251
2044
20006814
20011420
20007242
20010603
20012065
5995
20008978
1199
20008694
5933
20009325
20007573
20006961
2277
821
20010209
20007392
20010656
20008904
3288
20007985
20009453
3719
3578
20009361
20008790
20010388
630
20009910
20006883
20006559
20011475
20009387
254
4786
4878
20008934
20010907
20007192
20006909
2291
5977
3227
3699
20007419
5165
20008242
20008465
20007644
20009604
3564
5372
20008075
20007821
4931
20006642
20010689
1620
20008655
20007537
800
20007381
20009518
2059
20006892
20010998
1424
20008705
2387
20007032
2869
2616
20009219
20010926
675
1547
20011444
248
5397
20007774
4834
5935
20011515
1205
2924
20011431
3514
20006316
20008165
20011123
20007379
3659
20011230
20007887
20007176
20011950
20010734
4379
20006461
20011453
5005
20010110
5279
4525
4198
1742
20008341
2266
4563
2956
4189
20006309
20008723
20011981
20009901
20012193
20011718
424
20007692
20006259
20009471
4355
20006724
20010516
1446
1194
20007479
1846
1411
560
4828
20009389
20009360
661
2502
20010030
1123
20008534
1343
4081
4932
20007416
20009480
4159
4196
5671
3717
20009345
20009441
1539
2999
3387
20010992
20011935
20011149
20011776
874
5319
4961
20011103
1275
1007
4807
20006783
20009727
20011073
20008706
4719
20008577
20008101
20011040
1017
3237
20011646
20006471
1219
20010397
3809
20008415
20007065
581
20006319
20010278
20007685
475
20011682
20007132
5140
20006791
980
20007634
20009484
5903
20008225
20006093
20009111
1623
20009646
20007889
20007691
20006198
20010704
2198
20006763
2449
622
3595
1766
20008083
2958
4383
20011273
4369
2798
20010736
2602
20010800
20008270
20008134
332
3746
5388
20006905
2075
20009240
20009912
1269
20011793
4529
20006330
859
20010742
1242
4888
20011392
20006498
20009024
5109
20008939
20008571
20009891
4149
20006133
1797
3040
4227
3881
20009436
2554
983
20008008
156
20006160
293
3958
20008367
20007628
3865
710
4599
2732
2724
20009573
5808
20012012
4467
4945
5489
20008384
3266
1047
5200
1525
20008454
20008423
4156
20006980
20010984
4950
742
1979
20010088
20009032
973
20010338
20008964
20009488
5906
974
20009948
2816
3769
20008739
1567
20010200
2886
2678
781
1786
20010566
20006628
20007990
20010039
20008197
20011896
20010796
20009826
20009227
191
20008229
20009964
3118
2072
20009876
20010475
3167
3995
6021
20006456
483
4306
3413
1212
20007829
20009082
3179
20009764
3233
705
4384
20009889
20007997
20009107
2765
20009096
992
20011913
20007270
210
3015
20008012
20011575
20011214
20009435
20007347
20006411
20008787
20010274
20008200
20010056
20011587
20009305
895
20011188
20011823
1420
20006491
3550
2205
1815
4609
20011663
4108
1185
20007672
20008480
5298
260
971
20010152
3951
20010537
20009211
20009523
777
20009538
20006530
1395
20011424
20012123
20011733
3422
20010836
20010256
20006172
240
20011004
2124
20009884
20008156
4496
20006865
20009105
2324
5133
4460
3598
1458
4283
4535
20010171
20011506
3778
20007320
20008212
45
2433
20007427
20010961
3383
20009959
20008808
4847
20012000
2406
20009328
1881
20007062
1142
4798
2197
1717
5202
20011241
876
1433
2754
3055
20006988
20008647
20010523
5538
20010458
20009789
20008600
529
775
20007619
20010775
20006511
20007017
20010451
1325
1743
2395
20009186
4292
667
20007880
20007585
20006571
2226
20010479
20011651
20008068
3965
3121
20007726
3254
3992
4672
5704
3394
20006475
20006105
340
345
20010466
2830
20008115
20012162
2188
20008368
20008037
5797
100
20007525
20010006
5094
20009234
20008148
20009791
20008749
567
20006254
1894
20011874
20010666
4811
2372
20008213
1132
20009377
1736
20010582
20010395
2972
4075
3453
20009445
1399
1675
402
3444
894
3469
604
3676
2259
20006972
3866
1952
20008569
852
3336
20010469
1670
1217
2716
1605
422
20007785
20006209
4864
20009529
20007784
20008381
20009820
20010936
20011332
20008146
20007249
1593
4720
5843
1956
20008962
20011908
20011285
2504
1644
2047
20007217
3945
20009679
1967
20007963
2530
6066
280
4761
20012111
20010863
470
20011726
20007112
20006276
20009332
5648
20006962
5077
762
20009044
384
4971
243
20006356
20006997
20009019
20007960
20012204
20007407
20011031
5047
1852
20009702
20009712
20008192
20009115
4517
20010904
20011606
988
20009769
472
3682
5986
1191
20007581
2563
20006662
20008257
4184
54
1415
20009414
20012206
3294
2435
20009411
20011054
20007429
20006976
20006397
4158
20008401
20006430
20008707
20008344
4505
2889
20006817
5326
2018
5058
20007592
20009930
20011293
1350
890
285
1368
20007839
1071
632
20010731
5534
3225
20007084
3214
4020
20012031
2646
20007157
20010442
2651
1253
2688
2835
20011948
20006983
2658
3943
20007823
20011688
250
20007648
20012071
20009639
20011634
20011118
3243
3541
5291
20008153
5347
20012022
20010711
20011229
3059
4445
397
20010317
1601
20008581
1233
5261
3229
750
20011649
4395
20006754
5581
2733
477
20009400
20006673
20010505
5304
20007871
2701
20006879
20007377
4377
20007867
20010735
20009677
20006128
20009926
20008350
20007932
2001
2108
20011898
20008906
319
20009612
4869
20011015
5054
20010826
4723
20009291
5106
20007343
2301
20009837
20006603
2209
20010747
1636
20009205
407
20011450
5917
20007610
3542
219
20010224
20008235
20006187
189
20009284
20012041
20008937
2573
20006253
3473
20006971
20010159
20006776
20006944
20007587
825
101
554
2941
20011996
5830
4962
95
4827
4663
2912
20006932
5162
20008261
3670
119
2915
702
5286
344
20010790
20006109
1031
20011616
20007149
4981
20009073
20011921
4248
5283
4616
20008486
3363
4688
20011248
5194
5855
5026
4851
20011099
3298
1679
140
20012150
565
20008479
20010035
5810
20011579
326
20008954
20010611
20011405
182
2115
5923
3455
4924
2436
3175
20006818
20006495
3420
4592
1589
1041
3764
2456
20010360
3079
20010915
1328
20009040
1859
4586
4871
20006279
20009200
791
20009444
20011753
4131
20006533
20011966
20008133
20007772
2752
20006722
1259
20006890
5263
20006180
956
20008057
20009745
5453
2632
20010687
3583
1258
20010012
20008346
20006803
20009456
20010755
20011264
20011511
1628
5697
20006536
20008050
5211
20008322
2900
4085
20007321
4737
515
265
20007979
5193
2418
1494
759
5337
20007038
3185
20009312
3197
20011238
1508
20011261
20011026
20009525
4764
1268
4376
2857
20011856
2389
20012030
20008698
361
20006648
20009357
5423
20008508
4003
20008778
3795
2104
4128
20009258
4891
5891
20006938
20008398
3477
20006576
20008959
5854
885
1339
2048
5839
3630
20008784
20011563
1044
1964
20012043
1103
392
5474
4511
20011569
1932
20009973
20010777
1050
20008719
20009781
20011428
4485
20011770
20011939
20009951
2538
2224
20011937
2654
2027
20008329
20010279
4829
3955
932
5387
20011877
20008408
20008255
2551
1090
20009585
20010454
1363
1329
20006407
2771
20008510
20007330
20007965
20010402
3379
4636
1648
20007137
5448
3300
3708
3879
20010913
1980
20009109
4030
5518
20011077
20009315
20010773
5214
20007837
1969
1338
3701
20012035
2286
20008533
20009667
3400
2376
1870
20008550
485
621
5729
5635
20008263
520
4687
20008849
3184
3160
20010090
20006250
20011043
20011539
4669
20008223
1263
20007917
20007082
2322
20008325
20011369
20010685
20008176
20006761
20008713
20008446
5612
1512
3830
20006087
286
20011042
20007815
4459
2928
4898
5972
297
20009098
20011160
5051
2136
3534
5953
20011353
20009616
20007964
3909
20010222
20010600
784
20007147
20010664
20008912
4223
20007905
20011096
20006400
3944
4824
2195
5910
2557
20011292
20008635
20010649
20006445
252
2012
255
5018
2757
5565
20009478
4087
20008364
3986
20010971
3984
20007884
20009323
20009903
228
20006922
5064
3651
1856
1768
20008562
4114
1713
20008052
1385
4304
1224
2149
20008396
20010838
20008345
3762
1228
3800
20009715
3516
5111
20006746
3321
690
20009954
3851
2181
3883
335
3198
247
1929
817
3988
20008129
5526
20009509
20007448
20010213
2397
20011809
4638
1813
20012052
20006606
20010227
20009239
4725
4061
145
20009079
3016
20009341
20008669
5742
5829
20007045
20007738
1914
20011759
20011393
20006679
5280
20010148
20009155
20007607
20008855
20007432
20007771
20011451
20006496
20010951
309
1597
3137
20009610
20006488
3019
20008814
20006464
4728
3527
20008927
20010354
5374
5881
2308
3872
20011398
4451
5206
1286
1772
20012197
4994
3065
20009836
20010426
1073
20006140
20007944
888
20011373
20011489
20010273
2003
20010270
20007583
20007650
20006692
3037
20009142
20010673
1413
20011861
3072
20011571
4202
20006278
5288
4464
5315
830
20010644
1548
2840
213
20006512
594
20007397
20010906
1723
20006734
4620
5688
1384
20007215
20007165
20006659
20010823
20009708
3894
20011072
1448
102
5360
20009363
20010782
20008036
2092
4794
20011999
5016
20009920
599
20012023
20011867
20006699
1975
20010288
20010830
1070
20008796
20008017
2384
200
2494
20008799
5825
20007532
1450
20012051
20007727
1120
20006305
970
744
4489
2981
20006502
20008689
20006920
20007073
20011053
20006469
20010352
2933
5927
3154
3972
20006770
4566
20009016
4623
5595
20006433
5269
1484
4768
20006125
5603
3109
2526
552
20011474
20007008
20009048
20007241
4057
20006361
2585
861
20011942
4591
20008013
4393
2592
457
20009420
3385
838
1878
115
4556
5991
20007463
20006383
20010439
20007843
5253
40
20012120
20010496
2773
4332
1388
20008536
20012142
20008604
20008941
20010580
5084
839
20011499
20007273
20010805
3395
20006453
2158
4096
1406
20006392
20010303
20008871
20011380
20011220
20007197
5008
20009187
20010700
20009370
4856
4132
20010643
20008923
928
2087
20009883
20008054
5092
433
1503
20009752
20007080
2965
20010228
4944
1942
20006698
20008873
1658
20007806
20006237
20009936
1101
20010181
20012167
20006193
20010417
20007110
5276
1304
197
960
1062
20010846
734
2785
20010106
20010910
4683
20011749
20007398
20008751
3051
659
711
3929
3151
20011631
20011943
3426
1114
5404
20008279
2807
20006183
20010364
2254
20009622
1711
20008349
2637
20010604
1830
20009671
20011093
5703
20009757
1685
1072
20008748
20011818
3347
388
3272
20007902
20008987
3917
20006234
4142
1540
5237
20008945
4420
5229
1721
638
20011323
3158
1057
20008840
5097
20011906
4036
2353
20010169
20007207
2257
5592
4537
20009184
20008895
3268
2987
4601
20007015
1800
5654
20006521
20009249
20010565
20009558
1865
5639
20009374
20011278
20011256
2145
20006497
20006164
2066
1
3497
20009095
20006928
20011226
20007182
20007603
20006205
20010861
1251
20006268
20011038
550
1140
3126
1482
20007856
2329
488
20008290
3306
5120
5593
20006197
20008626
3343
4767
3555
20010928
5624
20008430
20008382
20010535
652
20009673
5543
2445
20010306
1112
929
20010091
3896
20010639
20008182
5564
20006092
20011763
3352
20011604
5561
3715
4449
20007213
20010771
20007597
20010267
20011335
1392
20010492
20006365
20011659
4256
20011023
20007775
20009348
3450
20008637
3540
2125
20009027
2824
176
20010934
4082
1398
20011233
1386
20011336
4890
3902
20006977
2450
1189
64
3141
20008484
2939
20008276
20008928
20011216
2823
20006860
5509
5155
20008047
1314
20008518
20010275
20007305
20010467
1946
4268
1100
5351
20007709
2974
921
20011001
5684
20006448
50
20006819
1334
20006420
1032
20006153
5300
20010179
20011498
20008104
5514
203
20007545
3947
900
20009603
4685
20011904
20006529
872
20007202
2978
233
20009313
20011771
20007792
1955
262
5812
2853
20009700
4457
20009310
134
169
20010041
20006194
663
20008305
20008869
20008750
20008186
2382
20006704
20007776
1276
20010637
20010370
996
20009776
2583
20008775
2206
1376
20006915
4659
20006190
20008769
167
20009825
20008770
2920
20009198
5295
1892
20011162
20009811
2699
3500
415
20007363
20011156
20009938
4797
1143
2908
20006584
20010096
20007186
3532
5362
20010529
4714
5406
212
20007546
596
5306
4281
225
20008343
20006950
20006443
2037
4999
20007561
237
5313
3774
20011018
20009195
20007641
20012037
1006
660
2781
20006403
20007036
2681
20012146
3677
20007584
20007298
20012157
4324
20007438
1203
289
4388
1098
2287
20010063
1164
20007120
2203
3779
20011800
20009083
3736
5479
20008657
20008126
20007713
828
20009605
20007257
6052
20006756
4789
20009743
4996
866
20010883
20008514
2694
1291
4113
20011672
5948
20009581
875
20007718
3364
1587
1789
4571
15
20007624
3155
2229
4880
2312
20009934
20007761
20006141
20007996
20006310
5305
20011132
3177
2769
20006339
20008374
20009819
20009568
5521
2135
2625
20007872
20012136
1428
20006089
20009733
20009846
20008464
704
20011700
6016
640
2567
686
20009050
20009424
1791
4250
4733
20007503
5578
3466
20009158
20008629
20011112
20007721
20006207
1528
20006290
20006522
20008692
5872
20010760
20009998
20007468
4697
2708
4900
3526
20008826
4311
20012005
20007712
5345
610
4546
20011460
4877
20006694
20006942
5434
5443
20006834
20006189
2575
1020
4658
5876
20009641
20007975
3911
20009929
4982
680
2794
20010384
708
20011129
20006911
5344
20009146
20010965
20011829
20012002
5068
20008967
3247
20007095
20007490
943
20009528
3662
20008732
20009665
20009649
20006219
20010931
231
20007410
20009428
20006904
2723
20007535
5719
5651
20010403
4230
20008543
20009071
20009567
1536
4673
20009339
20010634
20009692
20012186
4843
20011296
4777
20006825
20010662
5284
4721
20006540
20010297
20007946
1944
144
2707
20012039
1390
3663
4084
4110
20011016
20010889
20011602
4274
20012061
20009511
2261
3046
20010239
20009966
20006617
3637
5030
3222
20006654
3017
4455
2279
20006585
3498
3898
20008718
20006964
20010225
574
4272
1443
20008313
3131
3424
20010853
20010265
20008377
3035
20007356
1805
20008056
4841
3173
20007053
2621
20009072
20007143
20008315
20008985
20011940
20010571
20010331
3369
2683
20009209
3788
677
20010979
20011471
20009848
20009454
3906
20006955
3489
2552
1519
986
20011592
20008112
20010005
20011147
20008016
4783
20011461
20008151
83
4301
816
20011739
20008917
20007799
3645
20007060
1357
20011909
20010963
20011641
20011820
2401
20011822
20006656
20006934
20007861
20012072
20010494
20008754
4456
305
20012010
5957
2085
1912
4886
20006336
2540
2847
3620
1734
20006294
20006350
3918
20011376
20006202
20007966
4625
5009
2326
4249
20010507
5641
20008351
1879
20006157
20006555
245
20010801
3887
20009774
166
5463
20006885
20007196
3142
20009669
1155
20006422
20007941
20011171
3727
20008503
20009254
4607
5516
629
20009144
267
1827
4175
3982
20009746
3908
4404
20007595
20012028
3975
20009574
1436
5425
20010922
625
453
20009543
1802
5715
4788
20011232
20011786
20009982
5544
7
1225
20006318
727
20009214
20008032
716
20010990
20010612
5067
2131
20007361
3460
5942
20006748
5143
20009873
20011546
564
108
20008455
20006857
20006736
3392
259
1461
20010142
277
1416
3438
20008431
4718
1471
216
20006228
324
3976
20010046
342
1977
1701
20007543
20009542
20011427
20008910
5024
20007009
20009097
20006181
2852
20007480
20006916
20010059
20008696
4048
20008524
20012058
20006500
20007461
20010427
3641
5838
3034
1216
666
2364
4928
20006263
20011846
20010014
20010033
20010912
20007755
20008558
2782
3523
20009193
2905
244
20009052
339
20009762
20012025
20009771
1451
20007251
4966
4908
20011121
20011483
20007231
20006710
20007174
3287
20010235
20011513
20008579
1954
3892
432
1600
4775
3188
5611
20008082
20009608
