200 200 200
1383
1886
1777
1915
1793
1335
1386
1492
1649
1421
1362
1027
1690
1059
1763
1926
1540
1426
1172
1736
1211
1368
1567
1429
1782
1530
1862
1123
1067
1135
1929
1802
1022
1058
1069
1167
1393
1456
1011
1042
1229
1373
1421
1919
1784
1537
1198
1324
1315
1370
1413
1526
1091
1980
1956
1873
1862
1170
1996
1281
1305
1925
1084
1327
1336
1505
1846
1729
1313
1857
1124
1895
1582
1545
1814
1367
1434
1364
1043
1750
1087
1808
1276
1178
1788
1584
1403
1651
1754
1399
1932
1060
1676
1368
1739
1012
1226
1586
1094
1539
1795
1570
1434
1378
1467
1601
1097
1902
1317
1492
1652
1756
1301
1280
1286
1441
1865
1689
1444
1619
1440
1729
1031
1117
1097
1771
1481
1675
1709
1927
1567
1856
1497
1353
1586
1965
1306
1683
1219
1624
1528
1871
1732
1829
1503
1019
1270
1368
1708
1715
1340
1149
1796
1723
1618
1245
1846
1451
1921
1555
1379
1488
1764
1228
1841
1350
1193
1500
1034
1764
1124
1914
1987
1856
1743
1491
1227
1365
1859
1936
1432
1551
1437
1228
1275
1407
1474
1121
1858
1395
1029
1237
1235
1793
1818
1428
1143
1011
1928
1529
405 777
764 444
539 614
841 607
819 905
689 129
918 370
997 918
744 325
184 471
500 491
726 773
591 645
140 506
787 955
83 670
465 543
508 198
805 356
612 349
829 623
344 300
569 747
423 341
811 312
802 606
731 662
306 879
737 321
627 445
466 523
417 709
259 283
638 925
625 63
37 601
900 453
551 380
72 469
132 974
931 882
895 934
164 661
982 200
997 900
774 960
669 814
96 191
467 927
341 85
685 91
543 377
108 937
757 446
419 180
413 888
173 349
10 660
211 337
588 343
302 207
373 714
256 322
600 820
905 722
812 940
668 941
229 706
151 128
659 985
225 921
270 423
82 397
85 631
973 293
851 673
386 626
300 223
43 641
714 899
191 299
591 525
582 210
337 820
156 733
5 995
770 380
777 274
256 851
143 861
885 580
206 994
568 622
614 505
755 962
260 327
203 945
507 203
22 785
869 843
190 529
909 873
499 959
809 37
249 754
334 304
649 134
755 891
747 568
530 369
47 501
798 789
991 250
34 304
498 364
893 254
126 687
997 153
189 976
730 158
461 437
922 415
305 461
28 29
749 51
903 557
698 795
44 700
3 40
404 429
682 501
539 648
152 160
135 536
693 340
128 216
630 505
965 50
430 286
336 344
901 178
972 239
290 950
989 368
796 293
145 744
391 830
341 683
570 542
233 827
43 262
118 361
762 24
310 82
426 191
368 997
235 678
627 691
58 525
169 615
359 206
387 313
347 101
995 727
553 917
530 579
291 947
971 648
81 52
594 632
628 858
887 313
356 215
91 513
480 413
970 611
275 190
642 356
434 621
889 988
567 339
285 771
418 857
261 607
238 850
60 206
519 218
784 946
459 874
638 874
484 290
479 608
315 758
730 472
460 101
439 619
389 26
234 75
682 158
359 494
550271
110700
633418
101840
275570
668364
92623
228795
413174
319848
196432
217463
456683
539391
504293
745792
205058
355116
391522
796158
888575
631492
401948
462952
359232
35022
610538
393741
485055
614031
554099
35326
241082
187517
653517
33003
372232
746140
261797
785405
582339
974581
519219
39022
513971
539863
784813
235380
894978
692686
31537
299905
324177
433484
279208
199760
984858
889745
593500
469912
20128
663951
505237
777561
367819
675106
810564
740050
421245
588712
41806
519935
563292
77376
558956
593615
133590
343769
828994
544919
552806
376883
844823
876983
326718
124031
593094
311575
530127
186594
781487
550254
850544
803075
327815
734714
478180
138378
474763
415776
727089
32920
935711
806733
110295
11018
400347
760236
871138
745692
305154
423944
122574
666329
300926
449292
306711
894019
277218
836837
596964
575056
387091
963859
378131
714905
698572
372662
369634
689686
304790
613074
722605
756852
419806
349251
767869
336504
109486
639007
82196
414640
62950
721121
80968
880227
686764
387678
290597
963982
740866
887561
539037
127956
367771
433519
359212
66343
322533
245197
272380
627322
858271
994985
384173
794428
344235
152041
647284
970073
307399
245831
901064
370348
966951
982031
250574
653715
886060
57523
134048
626925
945083
189436
271233
829205
622955
630444
411899
945487
875641
684279
89160
250263
679263
989684
561042
539849
141724
208325
